 1 "LAYING" 2.215982e-01 -4.051395e-02 -1.132036e-01 -2.488818e-01  7.055498e-01  4.458177e-01 8.108653e-02  3.838204e-03  1.083424e-02 -1.655309e-02 -6.448612e-02  1.486894e-01 -1.072709e-01 -4.151729e-02 -7.405012e-02 -8.419292e-01 -8.419292e-01 -9.543963e-01 -8.747595e-01 -9.634610e-01 -9.390991e-01 -8.670652e-01 -8.826669e-01 -9.570739e-01 -9.224626e-01 -9.480609e-01 -8.502492e-01 -9.521915e-01 -9.093027e-01 -8.617676e-01 -9.333004e-01 -8.621902e-01 -9.423669e-01
 2 "LAYING" 2.813734e-01 -1.815874e-02 -1.072456e-01 -5.097542e-01  7.525366e-01  6.468349e-01 8.259725e-02  1.225479e-02 -1.802649e-03 -1.847661e-02 -1.118008e-01  1.448828e-01 -1.019741e-01 -3.585902e-02 -7.017830e-02 -9.774355e-01 -9.774355e-01 -9.877417e-01 -9.500116e-01 -9.917671e-01 -9.767251e-01 -9.798009e-01 -9.843810e-01 -9.858136e-01 -9.827683e-01 -9.861971e-01 -9.864311e-01 -9.833216e-01 -9.626719e-01 -9.751102e-01 -9.853741e-01 -9.721130e-01 -9.902487e-01
 3 "LAYING" 2.755169e-01 -1.895568e-02 -1.013005e-01 -2.417585e-01  8.370321e-01  4.887032e-01 7.698111e-02  1.380410e-02 -4.356259e-03 -2.081705e-02 -7.185072e-02  1.379996e-01 -1.000445e-01 -3.897718e-02 -6.873387e-02 -9.727913e-01 -9.727913e-01 -9.794846e-01 -9.515648e-01 -9.867136e-01 -9.806656e-01 -9.611700e-01 -9.683321e-01 -9.805132e-01 -9.687521e-01 -9.791223e-01 -9.701673e-01 -9.780997e-01 -9.623420e-01 -9.655243e-01 -9.759496e-01 -9.645867e-01 -9.842783e-01
 4 "LAYING" 2.635592e-01 -1.500318e-02 -1.106882e-01 -4.206647e-01  9.151651e-01  3.415313e-01 9.344942e-02  6.933132e-03 -6.410543e-03 -9.231563e-03 -9.301282e-02  1.697204e-01 -1.050199e-01 -3.812304e-02 -7.121563e-02 -9.545576e-01 -9.545576e-01 -9.700958e-01 -9.302365e-01 -9.850685e-01 -9.588021e-01 -9.388834e-01 -9.675043e-01 -9.785425e-01 -9.439700e-01 -9.753833e-01 -9.672037e-01 -9.721878e-01 -9.614793e-01 -9.393897e-01 -9.622871e-01 -9.615567e-01 -9.836091e-01
 5 "LAYING" 2.783343e-01 -1.830421e-02 -1.079376e-01 -4.834706e-01  9.548903e-01  2.636447e-01 8.481648e-02  7.474608e-03 -3.040672e-03 -2.189350e-02 -7.987096e-02  1.598944e-01 -1.021141e-01 -4.044469e-02 -7.083097e-02 -9.667779e-01 -9.667779e-01 -9.801413e-01 -9.469383e-01 -9.864194e-01 -9.687417e-01 -9.654195e-01 -9.770077e-01 -9.826897e-01 -9.653286e-01 -9.832503e-01 -9.757975e-01 -9.782496e-01 -9.632029e-01 -9.622350e-01 -9.773564e-01 -9.682571e-01 -9.846180e-01
 6 "LAYING" 2.486565e-01 -1.025292e-02 -1.331196e-01 -4.767099e-01  9.565938e-01  1.758677e-01 9.634820e-02 -1.145292e-03  3.288173e-03 -7.960503e-03 -1.072183e-01  1.791021e-01 -1.112673e-01 -4.241043e-02 -7.177747e-02 -9.188789e-01 -9.188789e-01 -9.547505e-01 -9.089802e-01 -9.556457e-01 -9.391143e-01 -9.237068e-01 -9.380449e-01 -9.670724e-01 -9.360434e-01 -9.544258e-01 -9.354398e-01 -9.417715e-01 -9.326366e-01 -9.123517e-01 -9.486555e-01 -9.301536e-01 -9.536960e-01
 7 "LAYING" 2.501767e-01 -2.044115e-02 -1.013610e-01 -5.028143e-01  3.934443e-01  9.075378e-01 9.689040e-02  2.506242e-02 -1.316539e-02 -2.826419e-03 -1.336057e-01  1.559200e-01 -1.059442e-01 -3.588974e-02 -6.719018e-02 -9.363920e-01 -9.363920e-01 -9.801272e-01 -9.157936e-01 -9.830088e-01 -9.534242e-01 -9.421940e-01 -9.586116e-01 -9.803930e-01 -9.725316e-01 -9.695250e-01 -9.536845e-01 -9.575702e-01 -9.569053e-01 -9.279769e-01 -9.680663e-01 -9.411307e-01 -9.741179e-01
 8 "LAYING" 2.612543e-01 -2.122817e-02 -1.022454e-01 -4.059300e-01  5.899224e-01  7.198315e-01 8.783269e-02  2.332992e-02 -1.692188e-02  5.353612e-03 -8.913741e-02  1.381883e-01 -1.064450e-01 -3.897352e-02 -6.941232e-02 -9.353086e-01 -9.353086e-01 -9.731475e-01 -9.242533e-01 -9.784382e-01 -9.535386e-01 -9.518167e-01 -9.442695e-01 -9.731106e-01 -9.758774e-01 -9.621111e-01 -9.579039e-01 -9.574112e-01 -9.674612e-01 -9.322796e-01 -9.617929e-01 -9.445290e-01 -9.684039e-01
 9 "LAYING" 2.591955e-01 -2.052682e-02 -1.075497e-01 -5.802528e-01 -1.191542e-01  9.578730e-01 8.807345e-02  1.156173e-02 -7.053678e-03 -1.363204e-02 -1.589029e-01  1.012750e-01 -1.038467e-01 -2.755226e-02 -5.694905e-02 -9.308684e-01 -9.308684e-01 -9.633745e-01 -9.071251e-01 -9.645248e-01 -9.468655e-01 -9.343666e-01 -9.459190e-01 -9.643041e-01 -9.640828e-01 -9.559092e-01 -9.302979e-01 -9.345797e-01 -9.598150e-01 -9.266043e-01 -9.543206e-01 -9.186053e-01 -9.558063e-01
10 "LAYING" 2.802306e-01 -2.429448e-02 -1.171686e-01 -4.530697e-01 -1.392977e-01 -3.112162e-02 7.381506e-02  1.569900e-02  7.166896e-03 -1.955594e-02 -7.703257e-02  1.047205e-01 -1.003083e-01 -3.887979e-02 -5.907449e-02 -9.567818e-01 -9.567818e-01 -9.762344e-01 -9.375910e-01 -9.708308e-01 -9.691842e-01 -9.543418e-01 -9.643008e-01 -9.790147e-01 -9.680392e-01 -9.725922e-01 -9.537939e-01 -9.546700e-01 -9.697558e-01 -9.508481e-01 -9.685611e-01 -9.376926e-01 -9.609768e-01
11 "LAYING" 2.805930e-01 -1.765981e-02 -1.087866e-01 -1.348320e-01  9.430179e-01  1.126202e-01 7.666453e-02  1.221939e-02  2.776905e-03 -1.917438e-02 -4.155999e-02  1.520190e-01 -1.022975e-01 -4.123914e-02 -6.669575e-02 -9.806212e-01 -9.806212e-01 -9.833306e-01 -9.525238e-01 -9.906412e-01 -9.838014e-01 -9.714039e-01 -9.735768e-01 -9.848849e-01 -9.738825e-01 -9.795648e-01 -9.761875e-01 -9.826403e-01 -9.614344e-01 -9.739940e-01 -9.769408e-01 -9.670934e-01 -9.859788e-01
12 "LAYING" 2.601134e-01 -1.752039e-02 -1.081601e-01 -3.785921e-01  8.033788e-01  2.750432e-01 8.542954e-02  7.744083e-03 -4.371484e-03 -1.465468e-02 -8.355374e-02  1.451918e-01 -9.904023e-02 -4.106753e-02 -6.789090e-02 -9.482047e-01 -9.482047e-01 -9.698438e-01 -9.308406e-01 -9.710678e-01 -9.562485e-01 -9.512660e-01 -9.547248e-01 -9.687428e-01 -9.632233e-01 -9.671497e-01 -9.566539e-01 -9.525617e-01 -9.456732e-01 -9.438674e-01 -9.624484e-01 -9.454970e-01 -9.639496e-01
13 "LAYING" 2.767164e-01 -2.044045e-02 -1.043319e-01 -1.568522e-01  6.564009e-01  5.988850e-01 7.677748e-02  1.834419e-02 -9.883897e-03 -9.736100e-03 -9.662507e-02  1.178196e-01 -1.018356e-01 -4.177440e-02 -6.487704e-02 -9.605178e-01 -9.605178e-01 -9.854679e-01 -9.443031e-01 -9.854463e-01 -9.747169e-01 -9.658438e-01 -9.662956e-01 -9.851997e-01 -9.803751e-01 -9.809946e-01 -9.694635e-01 -9.686897e-01 -9.691269e-01 -9.595355e-01 -9.807544e-01 -9.576816e-01 -9.781508e-01
14 "LAYING" 2.332754e-01 -1.134247e-02 -8.683333e-02 -1.454836e-01  4.853969e-01  8.365629e-01 9.814038e-02 -8.315071e-03 -3.236015e-02  5.052212e-03 -1.534238e-01  1.491241e-01 -1.054466e-01 -3.726774e-02 -5.661719e-02 -9.059783e-01 -9.059783e-01 -9.725764e-01 -9.046654e-01 -9.756212e-01 -9.339362e-01 -9.303669e-01 -9.278823e-01 -9.720107e-01 -9.693421e-01 -9.685932e-01 -9.499590e-01 -9.380879e-01 -9.491072e-01 -8.994637e-01 -9.679886e-01 -9.301517e-01 -9.664553e-01
15 "LAYING" 2.894757e-01 -1.662965e-02 -1.185302e-01 -1.719931e-01  8.992426e-01 -3.691929e-02 7.675154e-02  1.239843e-02 -4.439280e-03 -1.683009e-02 -6.197009e-02  1.134519e-01 -1.022667e-01 -4.158790e-02 -6.243346e-02 -9.553407e-01 -9.553407e-01 -9.798902e-01 -9.446051e-01 -9.832350e-01 -9.740162e-01 -9.624611e-01 -9.515659e-01 -9.813300e-01 -9.708332e-01 -9.747757e-01 -9.554136e-01 -9.643109e-01 -9.581901e-01 -9.560010e-01 -9.736812e-01 -9.468126e-01 -9.757279e-01
16 "LAYING" 2.742272e-01 -1.661035e-02 -1.073105e-01 -2.067837e-01 -1.992702e-02  8.938845e-01 7.839603e-02  1.328051e-02 -1.541051e-03 -1.615454e-02 -1.136751e-01  9.662103e-02 -1.022096e-01 -3.477353e-02 -5.767904e-02 -9.618346e-01 -9.618346e-01 -9.883497e-01 -9.517771e-01 -9.908395e-01 -9.802132e-01 -9.636356e-01 -9.745801e-01 -9.885800e-01 -9.847529e-01 -9.855449e-01 -9.758924e-01 -9.760929e-01 -9.859578e-01 -9.680205e-01 -9.875145e-01 -9.702496e-01 -9.886953e-01
17 "LAYING" 2.697801e-01 -1.684620e-02 -1.070063e-01 -1.991331e-01  6.587921e-01  7.226575e-01 7.790897e-02  7.068671e-03 -1.435425e-04 -2.347565e-02 -9.445802e-02  1.114405e-01 -1.020498e-01 -3.619611e-02 -6.049270e-02 -9.530214e-01 -9.530214e-01 -9.816076e-01 -9.607331e-01 -9.855424e-01 -9.743593e-01 -9.546481e-01 -9.654061e-01 -9.814721e-01 -9.772124e-01 -9.803801e-01 -9.719492e-01 -9.736691e-01 -9.761649e-01 -9.610463e-01 -9.796873e-01 -9.690144e-01 -9.827655e-01
18 "LAYING" 2.746916e-01 -1.739377e-02 -1.076989e-01 -2.206005e-01  7.197554e-01  6.054953e-01 7.499850e-02  1.170190e-02 -1.213448e-03 -2.517618e-02 -8.375873e-02  9.377819e-02 -9.971542e-02 -3.934402e-02 -5.931360e-02 -9.864562e-01 -9.864562e-01 -9.883215e-01 -9.807408e-01 -9.930951e-01 -9.851800e-01 -9.849099e-01 -9.886069e-01 -9.864047e-01 -9.858653e-01 -9.891169e-01 -9.924369e-01 -9.856112e-01 -9.849993e-01 -9.867884e-01 -9.885484e-01 -9.843291e-01 -9.919010e-01
19 "LAYING" 2.726537e-01 -1.714269e-02 -1.089815e-01 -6.800432e-01  7.256466e-01  6.876239e-01 7.723180e-02  1.114957e-02 -9.886909e-04 -3.120727e-02 -9.526280e-02  1.086051e-01 -9.560183e-02 -3.714766e-02 -5.991615e-02 -9.662608e-01 -9.662608e-01 -9.847843e-01 -9.532634e-01 -9.853425e-01 -9.745337e-01 -9.727988e-01 -9.853404e-01 -9.834786e-01 -9.748783e-01 -9.865065e-01 -9.741962e-01 -9.720610e-01 -9.739323e-01 -9.719574e-01 -9.806216e-01 -9.656247e-01 -9.818905e-01
20 "LAYING" 2.395079e-01 -1.444063e-02 -1.042743e-01 -4.724314e-01  8.648830e-01  4.775733e-01 8.927160e-02  1.108225e-03 -3.098918e-03 -2.317606e-02 -9.548996e-02  1.236802e-01 -9.950331e-02 -3.877630e-02 -6.100283e-02 -9.607431e-01 -9.607431e-01 -9.846701e-01 -9.604474e-01 -9.867495e-01 -9.657288e-01 -9.655960e-01 -9.763927e-01 -9.838900e-01 -9.772207e-01 -9.828762e-01 -9.826194e-01 -9.731200e-01 -9.722786e-01 -9.528271e-01 -9.796955e-01 -9.698322e-01 -9.811198e-01
21 "LAYING" 2.713255e-01 -1.842330e-02 -1.032538e-01 -1.743492e-01  5.999927e-01  7.882510e-01 8.201502e-02  1.199437e-02 -1.390534e-02 -3.051262e-02 -1.138005e-01  9.809065e-02 -9.641184e-02 -3.462751e-02 -6.013987e-02 -9.525966e-01 -9.525966e-01 -9.828003e-01 -9.492789e-01 -9.859159e-01 -9.682344e-01 -9.600692e-01 -9.617722e-01 -9.841888e-01 -9.720394e-01 -9.816308e-01 -9.734105e-01 -9.649680e-01 -9.808112e-01 -9.537691e-01 -9.784441e-01 -9.623490e-01 -9.829933e-01
22 "LAYING" 2.799597e-01 -1.426299e-02 -1.108009e-01 -4.184946e-01  6.324841e-01  7.719039e-01 7.522022e-02  4.598348e-03 -4.674387e-03 -2.083114e-02 -9.257231e-02  1.450039e-01 -1.002039e-01 -3.760873e-02 -7.027236e-02 -9.349938e-01 -9.349938e-01 -9.711698e-01 -9.266164e-01 -9.817169e-01 -9.537585e-01 -9.255247e-01 -9.542192e-01 -9.695703e-01 -9.548333e-01 -9.709189e-01 -9.533669e-01 -9.646983e-01 -9.425702e-01 -9.298190e-01 -9.626548e-01 -9.460558e-01 -9.766390e-01
23 "LAYING" 2.740380e-01 -2.165538e-02 -1.042568e-01 -3.915650e-01  4.384341e-01  9.187828e-01 8.317876e-02  1.535144e-02 -6.282351e-03 -1.133997e-02 -1.050529e-01  1.110786e-01 -1.020249e-01 -3.724498e-02 -6.219916e-02 -9.629592e-01 -9.629592e-01 -9.870102e-01 -9.494180e-01 -9.845575e-01 -9.700372e-01 -9.820723e-01 -9.775152e-01 -9.862047e-01 -9.882303e-01 -9.824155e-01 -9.796761e-01 -9.684691e-01 -9.842388e-01 -9.677471e-01 -9.859057e-01 -9.662393e-01 -9.818469e-01
24 "LAYING" 2.728505e-01 -1.735552e-02 -1.072362e-01 -3.592925e-01  7.384307e-01  6.838399e-01 8.072123e-02  1.198195e-02 -5.892258e-03 -1.436799e-02 -9.555381e-02  1.117307e-01 -1.028138e-01 -3.823237e-02 -6.241170e-02 -9.718540e-01 -9.718540e-01 -9.855293e-01 -9.537915e-01 -9.827809e-01 -9.758937e-01 -9.808304e-01 -9.766348e-01 -9.859985e-01 -9.821406e-01 -9.815497e-01 -9.765706e-01 -9.661120e-01 -9.810930e-01 -9.731711e-01 -9.831081e-01 -9.640014e-01 -9.785967e-01
25 "LAYING" 2.507918e-01 -1.889437e-02 -1.004288e-01 -4.611025e-01  6.206589e-01  5.263538e-01 8.790717e-02  2.846193e-02 -3.071794e-02  3.727235e-03 -7.164017e-02  1.397187e-01 -1.016470e-01 -4.267189e-02 -5.969221e-02 -5.604778e-01 -5.604778e-01 -9.621614e-01 -8.096885e-01 -9.697833e-01 -9.291474e-01 -7.849458e-01 -8.161980e-01 -9.728591e-01 -9.468020e-01 -9.626327e-01 -8.905175e-01 -9.462596e-01 -9.245369e-01 -7.744819e-01 -9.600831e-01 -9.101270e-01 -9.682516e-01
26 "LAYING" 2.716459e-01 -1.918957e-02 -1.050025e-01 -6.213097e-01  8.030150e-01  6.145234e-01 8.665025e-02  1.244200e-02 -6.147551e-03 -1.706562e-02 -9.032292e-02  1.524363e-01 -1.003686e-01 -3.966827e-02 -7.115334e-02 -9.767850e-01 -9.767850e-01 -9.899706e-01 -9.518636e-01 -9.921980e-01 -9.732623e-01 -9.836640e-01 -9.849231e-01 -9.892240e-01 -9.871151e-01 -9.873083e-01 -9.883863e-01 -9.831280e-01 -9.701712e-01 -9.692691e-01 -9.891382e-01 -9.743052e-01 -9.904309e-01
27 "LAYING" 2.741025e-01 -1.798676e-02 -1.076997e-01 -5.304346e-01  5.678795e-01  8.453924e-01 7.662686e-02  1.264911e-02 -6.855493e-04 -1.954273e-02 -9.578396e-02  1.187384e-01 -1.011477e-01 -3.621862e-02 -6.427978e-02 -9.820917e-01 -9.820917e-01 -9.883728e-01 -9.669176e-01 -9.943550e-01 -9.806318e-01 -9.829160e-01 -9.873566e-01 -9.866796e-01 -9.852573e-01 -9.880331e-01 -9.870285e-01 -9.867958e-01 -9.792020e-01 -9.813890e-01 -9.880989e-01 -9.798907e-01 -9.935638e-01
28 "LAYING" 2.759135e-01 -1.675379e-02 -1.083449e-01 -4.903345e-01  1.440733e-01  1.575700e-02 7.807706e-02  5.939923e-03  6.009719e-03 -1.736771e-02 -9.744873e-02  9.357912e-02 -1.045116e-01 -3.560100e-02 -5.345019e-02 -9.581122e-01 -9.581122e-01 -9.784553e-01 -9.371069e-01 -9.782203e-01 -9.739309e-01 -9.584364e-01 -9.611157e-01 -9.800134e-01 -9.780948e-01 -9.702516e-01 -9.468042e-01 -9.658245e-01 -9.611648e-01 -9.610356e-01 -9.734362e-01 -9.442184e-01 -9.718306e-01
29 "LAYING" 2.872952e-01 -1.719655e-02 -1.094621e-01 -3.467898e-01  8.075354e-01  5.904522e-01 7.188612e-02  1.169121e-02  2.415428e-03 -2.582810e-02 -7.618144e-02  1.274120e-01 -9.953399e-02 -3.867683e-02 -6.744697e-02 -9.864932e-01 -9.864932e-01 -9.927254e-01 -9.719236e-01 -9.973225e-01 -9.866270e-01 -9.890343e-01 -9.894739e-01 -9.921540e-01 -9.893988e-01 -9.920184e-01 -9.931226e-01 -9.936963e-01 -9.761843e-01 -9.868006e-01 -9.939983e-01 -9.840013e-01 -9.976174e-01
30 "LAYING" 2.810339e-01 -1.944941e-02 -1.036582e-01 -3.447378e-01  7.326612e-01  6.814592e-01 7.521967e-02  1.076802e-02 -3.741897e-04 -2.678122e-02 -7.614764e-02  9.384722e-02 -1.022774e-01 -3.848759e-02 -5.957368e-02 -9.698300e-01 -9.698300e-01 -9.792328e-01 -9.622849e-01 -9.850864e-01 -9.747900e-01 -9.599743e-01 -9.703220e-01 -9.768879e-01 -9.716963e-01 -9.756324e-01 -9.717891e-01 -9.681703e-01 -9.675774e-01 -9.628408e-01 -9.699493e-01 -9.620012e-01 -9.778213e-01
 1 "SITTING" 2.612376e-01 -1.308288e-03 -1.045442e-01  8.315099e-01  2.044116e-01  3.320437e-01 7.748252e-02 -6.191028e-04 -3.367792e-03 -4.535006e-02 -9.192415e-02  6.293138e-02 -9.367938e-02 -4.021181e-02 -4.670263e-02 -9.485368e-01 -9.485368e-01 -9.873642e-01 -9.308925e-01 -9.919763e-01 -9.796412e-01 -9.440846e-01 -9.591849e-01 -9.865970e-01 -9.815795e-01 -9.860531e-01 -9.761615e-01 -9.758386e-01 -9.513155e-01 -9.477829e-01 -9.852621e-01 -9.584356e-01 -9.897975e-01
 2 "SITTING" 2.770874e-01 -1.568799e-02 -1.092183e-01  9.404773e-01 -1.056300e-01  1.987268e-01 7.225644e-02  1.169545e-02  7.605469e-03 -4.547066e-02 -5.992868e-02  4.122775e-02 -9.363284e-02 -4.156020e-02 -4.358510e-02 -9.678936e-01 -9.678936e-01 -9.867747e-01 -9.460351e-01 -9.910815e-01 -9.858038e-01 -9.573435e-01 -9.701622e-01 -9.878488e-01 -9.771397e-01 -9.851291e-01 -9.826214e-01 -9.821009e-01 -9.598148e-01 -9.612737e-01 -9.838747e-01 -9.718406e-01 -9.898620e-01
 3 "SITTING" 2.571976e-01 -3.502998e-03 -9.835792e-02  9.010990e-01  1.273034e-01  1.390206e-01 7.260984e-02  2.725291e-03 -4.233484e-03 -3.853652e-02 -7.524100e-02  9.401140e-02 -1.036059e-01 -3.609099e-02 -5.900800e-02 -8.953834e-01 -8.953834e-01 -9.690808e-01 -9.193544e-01 -9.779981e-01 -9.701544e-01 -8.919078e-01 -9.179879e-01 -9.749504e-01 -9.541702e-01 -9.708457e-01 -9.575506e-01 -9.561736e-01 -9.349680e-01 -9.041857e-01 -9.658889e-01 -9.466649e-01 -9.778981e-01
 4 "SITTING" 2.715383e-01 -7.163065e-03 -1.058746e-01  8.693030e-01  2.116225e-01  1.101205e-01 7.845002e-02 -1.085822e-02 -1.215000e-02 -4.944351e-02 -8.943006e-02  1.011503e-01 -9.694948e-02 -4.184839e-02 -4.899644e-02 -9.356948e-01 -9.356948e-01 -9.701323e-01 -9.260633e-01 -9.804905e-01 -9.774625e-01 -9.057829e-01 -9.517837e-01 -9.768457e-01 -9.442984e-01 -9.751549e-01 -9.605896e-01 -9.675836e-01 -9.337769e-01 -9.290021e-01 -9.625007e-01 -9.487698e-01 -9.765478e-01
 5 "SITTING" 2.736941e-01 -9.900835e-03 -1.085403e-01  8.807314e-01  1.684455e-01  1.430069e-01 7.495774e-02 -2.787733e-03  3.386096e-03 -4.223552e-02 -8.354841e-02  8.239345e-02 -8.897477e-02 -4.547030e-02 -4.877147e-02 -9.379783e-01 -9.379783e-01 -9.693202e-01 -9.343016e-01 -9.738483e-01 -9.774508e-01 -9.214347e-01 -9.460642e-01 -9.760250e-01 -9.542375e-01 -9.695013e-01 -9.571173e-01 -9.554604e-01 -9.380034e-01 -9.362906e-01 -9.644403e-01 -9.447603e-01 -9.715984e-01
 6 "SITTING" 2.767785e-01 -1.459116e-02 -1.101277e-01  9.336929e-01  6.826287e-02  6.952197e-02 7.547216e-02  2.556498e-06  6.237278e-03 -3.724423e-02 -8.990833e-02  8.543460e-02 -9.366935e-02 -3.339867e-02 -4.655043e-02 -9.495435e-01 -9.495435e-01 -9.627335e-01 -9.327038e-01 -9.629292e-01 -9.753515e-01 -9.282644e-01 -9.357981e-01 -9.710375e-01 -9.470708e-01 -9.541998e-01 -9.396714e-01 -9.438574e-01 -9.347649e-01 -9.357504e-01 -9.483487e-01 -9.297257e-01 -9.520346e-01
 7 "SITTING" 2.846746e-01 -1.461098e-02 -1.224646e-01  9.691478e-01  6.088466e-03  6.496363e-02 6.685198e-02  1.168634e-02  1.620041e-02 -4.963797e-02 -3.361196e-02  2.594767e-02 -9.381556e-02 -3.964449e-02 -4.545663e-02 -9.184321e-01 -9.184321e-01 -9.765597e-01 -8.978705e-01 -9.816651e-01 -9.726971e-01 -9.314906e-01 -9.046753e-01 -9.820372e-01 -9.694236e-01 -9.685035e-01 -9.436318e-01 -9.566781e-01 -9.474199e-01 -9.089568e-01 -9.709542e-01 -9.330820e-01 -9.786350e-01
 8 "SITTING" 2.674915e-01 -6.725506e-03 -1.044610e-01  8.324539e-01  2.400951e-01  2.638952e-01 7.867138e-02 -6.575163e-03 -1.068089e-02 -5.473970e-02 -9.550892e-02  7.160488e-02 -9.231503e-02 -4.026738e-02 -4.457322e-02 -9.521397e-01 -9.521397e-01 -9.860615e-01 -9.326822e-01 -9.918074e-01 -9.811429e-01 -9.442197e-01 -9.594363e-01 -9.849773e-01 -9.802211e-01 -9.829953e-01 -9.822003e-01 -9.765899e-01 -9.617987e-01 -9.479818e-01 -9.809323e-01 -9.658068e-01 -9.877306e-01
 9 "SITTING" 2.483267e-01 -2.701678e-02 -7.537847e-02  9.163245e-01 -4.142582e-02  8.526310e-02 7.700501e-02  9.817397e-03 -8.674673e-03 -4.232888e-02 -4.142712e-02  8.079193e-02 -9.307081e-02 -4.666344e-02 -5.284149e-02 -8.933617e-01 -8.933617e-01 -9.643838e-01 -9.032355e-01 -9.733641e-01 -9.594136e-01 -9.116832e-01 -8.922013e-01 -9.655962e-01 -9.580074e-01 -9.575270e-01 -9.503152e-01 -9.396930e-01 -9.403123e-01 -8.977182e-01 -9.530504e-01 -9.344377e-01 -9.683156e-01
10 "SITTING" 2.706121e-01 -1.504268e-02 -1.042532e-01  7.918872e-01 -4.126077e-02  2.025346e-01 7.753725e-02  8.978755e-03 -4.995664e-03 -4.324322e-02 -6.799936e-02  7.459589e-02 -9.315550e-02 -4.112165e-02 -4.894119e-02 -9.607572e-01 -9.607572e-01 -9.880542e-01 -9.442020e-01 -9.937075e-01 -9.849431e-01 -9.404502e-01 -9.746447e-01 -9.893650e-01 -9.809629e-01 -9.860568e-01 -9.864774e-01 -9.861792e-01 -9.653955e-01 -9.552810e-01 -9.859008e-01 -9.744597e-01 -9.921915e-01
11 "SITTING" 2.765902e-01 -1.491956e-02 -1.128402e-01  8.719638e-01  2.137163e-01  1.885317e-01 7.617773e-02 -2.138386e-04  8.334008e-03 -3.999849e-02 -7.552845e-02  7.617394e-02 -9.484235e-02 -3.928130e-02 -5.053955e-02 -9.619708e-01 -9.619708e-01 -9.793556e-01 -9.518845e-01 -9.895190e-01 -9.814815e-01 -9.345032e-01 -9.728551e-01 -9.808318e-01 -9.674546e-01 -9.811249e-01 -9.851069e-01 -9.826366e-01 -9.544538e-01 -9.530660e-01 -9.753153e-01 -9.698000e-01 -9.872560e-01
12 "SITTING" 2.750072e-01 -1.578930e-02 -1.063072e-01  9.262290e-01  8.305090e-02  8.856407e-02 7.712777e-02  1.059905e-02 -2.045760e-03 -4.241592e-02 -7.519804e-02  7.284622e-02 -9.410235e-02 -3.874775e-02 -5.156341e-02 -9.521766e-01 -9.521766e-01 -9.747345e-01 -9.419072e-01 -9.803923e-01 -9.796661e-01 -9.427680e-01 -9.546266e-01 -9.771099e-01 -9.642362e-01 -9.755516e-01 -9.685290e-01 -9.637252e-01 -9.557182e-01 -9.559443e-01 -9.717153e-01 -9.585119e-01 -9.784845e-01
13 "SITTING" 2.743285e-01 -5.877329e-03 -9.724651e-02  9.255765e-01  1.017698e-01  7.577739e-02 7.528659e-02 -1.123441e-03 -2.323972e-02 -3.551249e-02 -9.026874e-02  8.234320e-02 -9.591985e-02 -4.103669e-02 -4.661216e-02 -9.576906e-01 -9.576906e-01 -9.894978e-01 -9.511426e-01 -9.926043e-01 -9.901355e-01 -9.596739e-01 -9.561831e-01 -9.926782e-01 -9.839141e-01 -9.852612e-01 -9.832182e-01 -9.824561e-01 -9.683844e-01 -9.569016e-01 -9.883485e-01 -9.732583e-01 -9.917237e-01
14 "SITTING" 2.799906e-01 -8.705655e-03 -1.004015e-01  9.390388e-01 -3.645340e-02 -9.459705e-02 7.418788e-02 -4.361860e-03 -1.057445e-02 -4.404033e-02 -7.134783e-02  9.285236e-02 -9.216146e-02 -4.345773e-02 -5.201216e-02 -9.441979e-01 -9.441979e-01 -9.765210e-01 -9.427564e-01 -9.883176e-01 -9.764566e-01 -9.326448e-01 -9.441261e-01 -9.815666e-01 -9.689518e-01 -9.727520e-01 -9.785771e-01 -9.698067e-01 -9.570209e-01 -9.405899e-01 -9.729853e-01 -9.633205e-01 -9.873242e-01
15 "SITTING" 2.729034e-01 -1.171885e-02 -1.136613e-01  8.903643e-01  2.108493e-01  2.815660e-03 7.847928e-02 -8.984376e-03 -2.372075e-03 -3.771111e-02 -8.034288e-02  9.519781e-02 -9.536491e-02 -3.960688e-02 -5.241483e-02 -9.586698e-01 -9.586698e-01 -9.861078e-01 -9.573316e-01 -9.921889e-01 -9.866196e-01 -9.389264e-01 -9.632270e-01 -9.881061e-01 -9.781590e-01 -9.849084e-01 -9.861526e-01 -9.792017e-01 -9.667315e-01 -9.497520e-01 -9.846894e-01 -9.737622e-01 -9.901810e-01
16 "SITTING" 2.807686e-01 -1.024979e-02 -8.914040e-02  9.424574e-01 -8.658825e-02  8.926822e-02 7.343467e-02  9.856429e-03 -1.150306e-02 -4.120140e-02 -5.745254e-02  7.957363e-02 -9.572045e-02 -4.503693e-02 -5.883713e-02 -9.618797e-01 -9.618797e-01 -9.874727e-01 -9.464174e-01 -9.924446e-01 -9.870438e-01 -9.614567e-01 -9.595522e-01 -9.909643e-01 -9.817522e-01 -9.811780e-01 -9.786329e-01 -9.667960e-01 -9.600583e-01 -9.583355e-01 -9.839686e-01 -9.540610e-01 -9.893631e-01
17 "SITTING" 2.773570e-01 -1.415627e-02 -1.136241e-01  9.448837e-01 -2.814673e-03 -1.358039e-01 7.507099e-02  5.609710e-03 -1.554484e-03 -4.254916e-02 -6.692459e-02  8.600538e-02 -9.424770e-02 -4.111342e-02 -5.109032e-02 -9.727473e-01 -9.727473e-01 -9.928147e-01 -9.671777e-01 -9.963348e-01 -9.939694e-01 -9.699280e-01 -9.748416e-01 -9.945426e-01 -9.883274e-01 -9.888281e-01 -9.884111e-01 -9.887940e-01 -9.816171e-01 -9.736268e-01 -9.914273e-01 -9.833693e-01 -9.952046e-01
18 "SITTING" 2.772700e-01 -1.286913e-02 -1.119048e-01  9.098165e-01  1.298865e-01  1.618774e-01 7.662289e-02  6.945603e-03  2.787570e-03 -3.330570e-02 -6.857963e-02  8.481405e-02 -9.547232e-02 -3.971256e-02 -5.230304e-02 -9.836742e-01 -9.836742e-01 -9.898696e-01 -9.776350e-01 -9.948734e-01 -9.931449e-01 -9.765385e-01 -9.829964e-01 -9.919247e-01 -9.836424e-01 -9.886897e-01 -9.899615e-01 -9.887027e-01 -9.830274e-01 -9.847815e-01 -9.904071e-01 -9.865352e-01 -9.948082e-01
19 "SITTING" 2.738303e-01 -1.673926e-02 -1.087077e-01  5.813715e-01  3.603435e-01  4.891266e-01 7.537471e-02  1.379210e-02  1.731068e-03 -2.141513e-02 -5.202079e-02  9.689807e-02 -1.009861e-01 -4.251702e-02 -5.908017e-02 -9.620741e-01 -9.620741e-01 -9.864240e-01 -9.422290e-01 -9.894503e-01 -9.792380e-01 -9.607632e-01 -9.663351e-01 -9.867756e-01 -9.791416e-01 -9.839805e-01 -9.817437e-01 -9.681887e-01 -9.682358e-01 -9.626326e-01 -9.837516e-01 -9.642388e-01 -9.867274e-01
20 "SITTING" 2.780454e-01 -1.472293e-02 -1.083696e-01  9.244545e-01  7.333854e-02  1.516791e-01 7.465684e-02  5.974303e-03  1.601349e-03 -3.640593e-02 -6.506893e-02  6.428821e-02 -9.599708e-02 -4.072992e-02 -4.658351e-02 -9.527380e-01 -9.527380e-01 -9.787746e-01 -9.395744e-01 -9.830103e-01 -9.812031e-01 -9.451986e-01 -9.475975e-01 -9.822436e-01 -9.711583e-01 -9.732115e-01 -9.699133e-01 -9.646431e-01 -9.509634e-01 -9.469135e-01 -9.717305e-01 -9.533991e-01 -9.761084e-01
21 "SITTING" 2.775396e-01 -1.440097e-02 -1.120579e-01  9.400314e-01  2.152067e-02 -5.677661e-02 7.571098e-02  1.210201e-02 -1.753522e-04 -1.987128e-02 -6.530775e-02  8.313260e-02 -1.011148e-01 -3.914834e-02 -5.264099e-02 -9.747350e-01 -9.747350e-01 -9.859472e-01 -9.649711e-01 -9.903073e-01 -9.906102e-01 -9.680609e-01 -9.708593e-01 -9.897592e-01 -9.791804e-01 -9.834343e-01 -9.848936e-01 -9.798309e-01 -9.768397e-01 -9.748292e-01 -9.853424e-01 -9.778397e-01 -9.900143e-01
22 "SITTING" 2.735838e-01 -1.234684e-02 -1.058274e-01  8.393059e-01  2.085539e-01  3.155515e-01 8.076873e-02 -8.427151e-04 -1.268525e-02 -3.604307e-02 -7.936174e-02  8.044268e-02 -9.864932e-02 -4.234098e-02 -5.171940e-02 -9.421674e-01 -9.421674e-01 -9.793037e-01 -9.420774e-01 -9.854760e-01 -9.785054e-01 -9.395460e-01 -9.466353e-01 -9.809445e-01 -9.631295e-01 -9.753307e-01 -9.772667e-01 -9.591618e-01 -9.483671e-01 -9.430782e-01 -9.689083e-01 -9.519528e-01 -9.777754e-01
23 "SITTING" 2.733513e-01 -1.339450e-02 -1.038087e-01  9.365092e-01  1.217511e-01  6.301116e-02 7.700224e-02  1.013514e-02 -1.488234e-03 -4.725835e-02 -6.843256e-02  6.456732e-02 -9.674222e-02 -4.346026e-02 -4.855611e-02 -9.440808e-01 -9.440808e-01 -9.823755e-01 -9.365934e-01 -9.865141e-01 -9.863257e-01 -9.534604e-01 -9.420312e-01 -9.845509e-01 -9.781362e-01 -9.726562e-01 -9.771500e-01 -9.579203e-01 -9.654288e-01 -9.458378e-01 -9.741215e-01 -9.522933e-01 -9.807072e-01
24 "SITTING" 2.734757e-01 -1.312551e-02 -1.030411e-01  9.196376e-01  1.822547e-01  1.095596e-01 7.633185e-02  4.767026e-03 -1.133002e-03 -3.562296e-02 -7.501327e-02  8.004402e-02 -9.517827e-02 -4.061694e-02 -5.159666e-02 -9.689792e-01 -9.689792e-01 -9.855558e-01 -9.646333e-01 -9.913064e-01 -9.895295e-01 -9.627732e-01 -9.669918e-01 -9.888574e-01 -9.792282e-01 -9.819713e-01 -9.856765e-01 -9.812002e-01 -9.746869e-01 -9.689050e-01 -9.844700e-01 -9.779737e-01 -9.908548e-01
25 "SITTING" 2.785415e-01 -1.476968e-02 -1.091604e-01  8.656861e-01  2.082871e-01  1.671410e-01 7.520870e-02  4.854159e-03  2.107608e-03 -3.520521e-02 -7.480027e-02  8.527839e-02 -9.548014e-02 -3.916514e-02 -4.955956e-02 -9.704093e-01 -9.704093e-01 -9.895451e-01 -9.665687e-01 -9.928647e-01 -9.914055e-01 -9.591173e-01 -9.747761e-01 -9.924788e-01 -9.829570e-01 -9.863264e-01 -9.880026e-01 -9.838278e-01 -9.758059e-01 -9.670180e-01 -9.879418e-01 -9.793509e-01 -9.917817e-01
26 "SITTING" 2.582435e-01 -7.133645e-03 -9.744487e-02  7.829556e-01  2.231056e-01  3.143876e-01 7.644432e-02  6.922390e-03 -7.802380e-03 -3.702174e-02 -8.406485e-02  7.111095e-02 -9.598482e-02 -4.030702e-02 -4.876272e-02 -9.530800e-01 -9.530800e-01 -9.908984e-01 -9.540529e-01 -9.944664e-01 -9.825795e-01 -9.542994e-01 -9.675191e-01 -9.920254e-01 -9.858629e-01 -9.879900e-01 -9.901449e-01 -9.817408e-01 -9.704237e-01 -9.524110e-01 -9.894819e-01 -9.764639e-01 -9.939854e-01
27 "SITTING" 2.739413e-01 -1.552698e-02 -1.055219e-01  8.394647e-01  2.129470e-01  2.764174e-01 7.790390e-02  4.670724e-03 -6.112854e-03 -3.718308e-02 -7.973456e-02  8.337528e-02 -9.516358e-02 -3.964108e-02 -5.038836e-02 -9.794817e-01 -9.794817e-01 -9.894672e-01 -9.635655e-01 -9.940347e-01 -9.886821e-01 -9.740579e-01 -9.746658e-01 -9.908396e-01 -9.852386e-01 -9.870877e-01 -9.872079e-01 -9.841411e-01 -9.768481e-01 -9.747665e-01 -9.887733e-01 -9.794828e-01 -9.923903e-01
28 "SITTING" 2.769776e-01 -1.854044e-02 -1.115179e-01  9.073313e-01 -1.125967e-01  1.354026e-01 7.686716e-02  1.483382e-02  2.578540e-04 -3.390180e-02 -6.739439e-02  8.702540e-02 -9.539351e-02 -4.080078e-02 -5.790154e-02 -9.557897e-01 -9.557897e-01 -9.732744e-01 -9.551756e-01 -9.812132e-01 -9.798201e-01 -9.463517e-01 -9.522268e-01 -9.768918e-01 -9.630542e-01 -9.729396e-01 -9.737243e-01 -9.631176e-01 -9.541803e-01 -9.539281e-01 -9.691787e-01 -9.602975e-01 -9.794659e-01
29 "SITTING" 2.771800e-01 -1.663068e-02 -1.104118e-01  8.915638e-01  1.556595e-01  2.862561e-01 7.454381e-02  5.985314e-03  3.167701e-03 -3.792711e-02 -7.557977e-02  5.804960e-02 -9.536370e-02 -4.000184e-02 -4.700090e-02 -9.780170e-01 -9.780170e-01 -9.907198e-01 -9.623773e-01 -9.953923e-01 -9.910940e-01 -9.696095e-01 -9.756230e-01 -9.934458e-01 -9.838832e-01 -9.884702e-01 -9.883936e-01 -9.903292e-01 -9.739336e-01 -9.733465e-01 -9.900937e-01 -9.802694e-01 -9.950630e-01
30 "SITTING" 2.683361e-01 -8.047313e-03 -9.951545e-02  8.254738e-01  1.145884e-01  3.447660e-01 7.600577e-02  9.756925e-03 -2.781618e-03 -3.584265e-02 -7.435356e-02  7.020026e-02 -9.527077e-02 -4.079306e-02 -4.882046e-02 -9.574872e-01 -9.574872e-01 -9.877991e-01 -9.558473e-01 -9.937374e-01 -9.850088e-01 -9.540760e-01 -9.662741e-01 -9.887754e-01 -9.804057e-01 -9.859783e-01 -9.870346e-01 -9.820059e-01 -9.611771e-01 -9.599234e-01 -9.858263e-01 -9.738763e-01 -9.917507e-01
 1 "STANDING" 2.789176e-01 -1.613759e-02 -1.106018e-01  9.429520e-01 -2.729838e-01  1.349058e-02 7.537665e-02  7.975731e-03 -3.685250e-03 -2.398773e-02 -5.939722e-02  7.480075e-02 -9.960921e-02 -4.406279e-02 -4.895055e-02 -9.842782e-01 -9.842782e-01 -9.923678e-01 -9.764938e-01 -9.949668e-01 -9.952499e-01 -9.770708e-01 -9.852971e-01 -9.946308e-01 -9.854187e-01 -9.907522e-01 -9.863868e-01 -9.889845e-01 -9.807731e-01 -9.853564e-01 -9.925425e-01 -9.846176e-01 -9.948154e-01
 2 "STANDING" 2.779115e-01 -1.842083e-02 -1.059085e-01  8.969286e-01 -3.700627e-01  1.297472e-01 7.475886e-02  1.032918e-02 -8.371588e-03 -2.386239e-02 -8.203966e-02  8.783517e-02 -1.055622e-01 -4.224195e-02 -5.465395e-02 -9.658752e-01 -9.658752e-01 -9.804891e-01 -9.634663e-01 -9.839519e-01 -9.839467e-01 -9.598717e-01 -9.624712e-01 -9.809732e-01 -9.708513e-01 -9.797752e-01 -9.670371e-01 -9.725762e-01 -9.606277e-01 -9.640522e-01 -9.770653e-01 -9.617759e-01 -9.778498e-01
 3 "STANDING" 2.800465e-01 -1.433766e-02 -1.016217e-01  9.350308e-01 -3.017351e-01  2.476311e-02 7.509006e-02  7.716636e-03 -8.071779e-03 -2.466261e-02 -5.851019e-02  6.652621e-02 -9.946026e-02 -4.724158e-02 -4.168322e-02 -9.254308e-01 -9.254308e-01 -9.593038e-01 -8.920893e-01 -9.623393e-01 -9.601234e-01 -9.080754e-01 -9.395077e-01 -9.576669e-01 -9.434980e-01 -9.691749e-01 -9.012823e-01 -9.377112e-01 -9.161725e-01 -9.269689e-01 -9.486275e-01 -9.136824e-01 -9.603317e-01
 4 "STANDING" 2.804997e-01 -9.489111e-03 -9.615749e-02  9.561978e-01 -7.590091e-02  1.668938e-01 7.213284e-02 -6.530157e-03 -2.118899e-02 -3.064493e-02 -6.182485e-02  7.556364e-02 -1.030579e-01 -4.612572e-02 -4.907535e-02 -9.064781e-01 -9.064781e-01 -9.633707e-01 -9.009821e-01 -9.676141e-01 -9.734975e-01 -8.895492e-01 -9.316434e-01 -9.723109e-01 -9.376242e-01 -9.686484e-01 -9.054642e-01 -9.559929e-01 -9.152810e-01 -9.176140e-01 -9.561393e-01 -9.142092e-01 -9.644711e-01
 5 "STANDING" 2.825444e-01 -7.004186e-03 -1.021711e-01  9.601887e-01 -3.871013e-02  1.386384e-01 7.251899e-02 -2.219902e-03 -1.228122e-02 -3.227119e-02 -5.098751e-02  6.909458e-02 -9.222499e-02 -3.991082e-02 -4.222213e-02 -9.061047e-01 -9.061047e-01 -9.568636e-01 -9.006716e-01 -9.584059e-01 -9.645009e-01 -8.907964e-01 -9.150838e-01 -9.630592e-01 -9.313702e-01 -9.584387e-01 -9.096618e-01 -9.393735e-01 -9.071908e-01 -9.046414e-01 -9.418259e-01 -9.045439e-01 -9.522864e-01
 6 "STANDING" 2.803462e-01 -1.812363e-02 -1.121728e-01  9.451390e-01 -2.302510e-01  1.391935e-02 7.306996e-02  8.718840e-03 -4.817122e-03 -2.825191e-02 -5.898236e-02  7.673947e-02 -1.032925e-01 -4.288283e-02 -5.064322e-02 -9.450229e-01 -9.450229e-01 -9.671024e-01 -9.394047e-01 -9.634062e-01 -9.771003e-01 -9.303365e-01 -9.428640e-01 -9.734805e-01 -9.514055e-01 -9.637435e-01 -9.316124e-01 -9.432731e-01 -9.432396e-01 -9.459498e-01 -9.559140e-01 -9.266643e-01 -9.554251e-01
 7 "STANDING" 2.827235e-01 -1.457403e-02 -9.977783e-02  9.587287e-01 -1.176070e-01 -5.165737e-02 7.519151e-02  6.947004e-03 -1.084203e-02 -2.915822e-02 -7.743364e-02  8.510450e-02 -9.015397e-02 -4.127976e-02 -5.453900e-02 -9.427247e-01 -9.427247e-01 -9.733813e-01 -9.434256e-01 -9.773771e-01 -9.766818e-01 -9.418838e-01 -9.385505e-01 -9.763231e-01 -9.671651e-01 -9.682296e-01 -9.381216e-01 -9.575487e-01 -9.571651e-01 -9.456115e-01 -9.674179e-01 -9.387050e-01 -9.736712e-01
 8 "STANDING" 2.796210e-01 -1.481131e-02 -1.061150e-01  9.576699e-01 -9.046035e-02 -9.793920e-02 7.537390e-02  8.149517e-03  3.221533e-03 -2.196720e-02 -2.801176e-02  6.368891e-02 -9.775758e-02 -4.851907e-02 -4.784832e-02 -9.537629e-01 -9.537629e-01 -9.849208e-01 -9.528485e-01 -9.875806e-01 -9.882199e-01 -9.500491e-01 -9.503629e-01 -9.890292e-01 -9.761777e-01 -9.794772e-01 -9.696774e-01 -9.725955e-01 -9.755123e-01 -9.537461e-01 -9.797459e-01 -9.645642e-01 -9.837092e-01
 9 "STANDING" 2.823101e-01 -2.004550e-02 -9.527475e-02  9.613235e-01 -1.038382e-02  9.147692e-03 7.600321e-02  1.306998e-02 -4.700786e-03 -2.918314e-02 -6.081016e-02  9.924093e-02 -9.589770e-02 -4.191996e-02 -5.757431e-02 -9.451675e-01 -9.451675e-01 -9.695246e-01 -9.210302e-01 -9.698240e-01 -9.716627e-01 -9.448494e-01 -9.416869e-01 -9.713138e-01 -9.626243e-01 -9.671292e-01 -9.169744e-01 -9.545143e-01 -9.415103e-01 -9.463302e-01 -9.632429e-01 -9.297691e-01 -9.674916e-01
10 "STANDING" 2.766503e-01 -1.554186e-02 -1.079641e-01  9.540088e-01 -4.315978e-02  3.469802e-02 8.097844e-02  1.190076e-02 -4.858410e-03 -2.818543e-02 -8.768205e-02  1.032516e-01 -1.047538e-01 -3.715930e-02 -5.841625e-02 -9.519889e-01 -9.519889e-01 -9.651638e-01 -9.297873e-01 -9.716377e-01 -9.700998e-01 -9.233787e-01 -9.552724e-01 -9.635652e-01 -9.421878e-01 -9.722415e-01 -9.240059e-01 -9.603238e-01 -9.509157e-01 -9.401102e-01 -9.516337e-01 -9.377867e-01 -9.656141e-01
11 "STANDING" 2.777156e-01 -1.719909e-02 -1.086866e-01  9.564645e-01 -1.730827e-01  1.271984e-01 7.600977e-02  1.241310e-02 -7.459162e-04 -2.931415e-02 -7.654650e-02  8.105882e-02 -9.951936e-02 -3.959921e-02 -5.247328e-02 -9.848538e-01 -9.848538e-01 -9.892424e-01 -9.799780e-01 -9.934282e-01 -9.938081e-01 -9.687031e-01 -9.876698e-01 -9.923855e-01 -9.792870e-01 -9.884608e-01 -9.783017e-01 -9.940255e-01 -9.807630e-01 -9.822554e-01 -9.886366e-01 -9.825765e-01 -9.929810e-01
12 "STANDING" 2.774058e-01 -1.690025e-02 -1.055270e-01  9.573178e-01 -2.188654e-01 -3.953828e-02 7.446318e-02  1.004800e-02 -7.881314e-03 -3.000304e-02 -7.000838e-02  7.425682e-02 -9.763804e-02 -4.095208e-02 -4.828637e-02 -9.414599e-01 -9.414599e-01 -9.687907e-01 -8.881014e-01 -9.692900e-01 -9.764695e-01 -9.327757e-01 -9.471782e-01 -9.719716e-01 -9.532918e-01 -9.711225e-01 -8.902927e-01 -9.482519e-01 -9.526020e-01 -9.452178e-01 -9.608590e-01 -9.023568e-01 -9.630598e-01
13 "STANDING" 2.777584e-01 -1.678920e-02 -1.121241e-01  9.426953e-01 -2.399431e-01 -5.248566e-02 7.586310e-02  7.620352e-03 -7.049793e-04 -2.954922e-02 -7.532052e-02  8.547125e-02 -9.812000e-02 -4.128726e-02 -5.392608e-02 -9.715642e-01 -9.715642e-01 -9.868000e-01 -9.578254e-01 -9.836376e-01 -9.894260e-01 -9.594276e-01 -9.775673e-01 -9.881983e-01 -9.777528e-01 -9.846086e-01 -9.571541e-01 -9.729131e-01 -9.743944e-01 -9.723936e-01 -9.819775e-01 -9.574888e-01 -9.771974e-01
14 "STANDING" 2.805456e-01 -1.520781e-02 -1.038177e-01  8.753196e-01 -2.266922e-01 -3.381749e-01 7.379337e-02  5.795662e-03 -7.207778e-03 -2.208865e-02 -5.581088e-02  7.904759e-02 -1.007185e-01 -4.500968e-02 -5.090362e-02 -9.434568e-01 -9.434568e-01 -9.729658e-01 -9.435300e-01 -9.748733e-01 -9.726996e-01 -9.421782e-01 -9.424220e-01 -9.781816e-01 -9.672499e-01 -9.667184e-01 -9.571118e-01 -9.508362e-01 -9.509999e-01 -9.497151e-01 -9.702141e-01 -9.444056e-01 -9.691756e-01
15 "STANDING" 2.789158e-01 -1.835164e-02 -1.059108e-01  9.655289e-01 -1.647132e-01  6.459760e-02 7.522807e-02  6.172555e-03 -6.587371e-03 -2.624336e-02 -6.596375e-02  7.619467e-02 -1.013588e-01 -4.385075e-02 -5.227840e-02 -9.612076e-01 -9.612076e-01 -9.814951e-01 -9.469614e-01 -9.844071e-01 -9.867250e-01 -9.433488e-01 -9.654735e-01 -9.853535e-01 -9.678847e-01 -9.826323e-01 -9.503803e-01 -9.751339e-01 -9.682649e-01 -9.603373e-01 -9.790788e-01 -9.567339e-01 -9.831881e-01
16 "STANDING" 2.834974e-01 -1.659997e-02 -1.036577e-01  9.415877e-01 -5.788670e-02 -1.667375e-01 7.364389e-02  1.207680e-02 -4.763106e-03 -2.993373e-02 -6.866773e-02  8.673427e-02 -1.001073e-01 -4.249822e-02 -5.443353e-02 -9.699488e-01 -9.699488e-01 -9.892052e-01 -9.725282e-01 -9.928486e-01 -9.894277e-01 -9.693140e-01 -9.699995e-01 -9.910386e-01 -9.824254e-01 -9.860919e-01 -9.731574e-01 -9.835942e-01 -9.836393e-01 -9.710826e-01 -9.865027e-01 -9.754486e-01 -9.911724e-01
17 "STANDING" 2.779425e-01 -1.741201e-02 -1.114321e-01  9.046785e-01 -2.574868e-01 -2.026878e-01 7.408650e-02  6.578535e-03 -4.035996e-03 -2.695769e-02 -7.706321e-02  8.805619e-02 -1.012892e-01 -4.045188e-02 -5.463313e-02 -9.776360e-01 -9.776360e-01 -9.917428e-01 -9.781846e-01 -9.936730e-01 -9.909275e-01 -9.741706e-01 -9.802316e-01 -9.921292e-01 -9.862783e-01 -9.895636e-01 -9.806963e-01 -9.873340e-01 -9.859550e-01 -9.809677e-01 -9.901628e-01 -9.842911e-01 -9.927239e-01
18 "STANDING" 2.784588e-01 -1.663535e-02 -1.084534e-01  9.475732e-01 -2.042063e-01 -4.857671e-02 7.535395e-02  1.046987e-02 -1.816405e-03 -2.658732e-02 -7.322601e-02  8.431907e-02 -9.871740e-02 -4.065734e-02 -5.323845e-02 -9.726075e-01 -9.726075e-01 -9.859653e-01 -9.630068e-01 -9.886860e-01 -9.904099e-01 -9.612391e-01 -9.757728e-01 -9.895450e-01 -9.752437e-01 -9.862657e-01 -9.644289e-01 -9.835612e-01 -9.742944e-01 -9.767976e-01 -9.849871e-01 -9.723526e-01 -9.889607e-01
19 "STANDING" 2.781723e-01 -1.542441e-02 -1.090419e-01  9.440458e-01 -2.238978e-01  1.306437e-01 7.541204e-02  9.913383e-03  1.292163e-03 -2.509057e-02 -6.314298e-02  7.105202e-02 -9.904679e-02 -4.229185e-02 -5.237699e-02 -9.605057e-01 -9.605057e-01 -9.830689e-01 -9.417450e-01 -9.858016e-01 -9.873520e-01 -9.528729e-01 -9.685434e-01 -9.850396e-01 -9.700113e-01 -9.834633e-01 -9.478656e-01 -9.750617e-01 -9.651006e-01 -9.689108e-01 -9.791354e-01 -9.585781e-01 -9.845366e-01
20 "STANDING" 2.780769e-01 -1.806950e-02 -1.004028e-01  9.112318e-01 -3.059387e-01  7.086553e-02 7.635562e-02  1.169302e-02 -6.136819e-03 -2.413350e-02 -6.983089e-02  7.736714e-02 -1.020491e-01 -4.321524e-02 -5.181522e-02 -9.224069e-01 -9.224069e-01 -9.566249e-01 -8.836750e-01 -9.479365e-01 -9.619327e-01 -8.981942e-01 -9.299858e-01 -9.597105e-01 -9.357176e-01 -9.527411e-01 -8.810194e-01 -9.106491e-01 -9.114099e-01 -9.212256e-01 -9.400079e-01 -8.794377e-01 -9.296000e-01
21 "STANDING" 2.769522e-01 -1.670847e-02 -1.104179e-01  8.812133e-01 -3.461556e-01 -2.076857e-01 7.545439e-02  1.006212e-02 -3.320937e-03 -1.917319e-02 -7.381159e-02  8.648633e-02 -1.031998e-01 -4.043008e-02 -5.382117e-02 -9.587743e-01 -9.587743e-01 -9.747652e-01 -9.498372e-01 -9.768571e-01 -9.783277e-01 -9.496949e-01 -9.602741e-01 -9.768030e-01 -9.645030e-01 -9.747806e-01 -9.569900e-01 -9.600826e-01 -9.594326e-01 -9.622913e-01 -9.706343e-01 -9.567230e-01 -9.761268e-01
22 "STANDING" 2.790539e-01 -1.585632e-02 -1.049674e-01  9.540643e-01 -2.264188e-01  3.238250e-02 7.523229e-02  1.072870e-02 -6.262917e-03 -2.752018e-02 -6.900677e-02  7.334666e-02 -9.750135e-02 -4.209987e-02 -5.131792e-02 -9.548077e-01 -9.548077e-01 -9.758760e-01 -9.316243e-01 -9.786035e-01 -9.803739e-01 -9.291614e-01 -9.571018e-01 -9.749692e-01 -9.521415e-01 -9.775674e-01 -9.170181e-01 -9.706824e-01 -9.623278e-01 -9.490445e-01 -9.597439e-01 -9.320653e-01 -9.683778e-01
23 "STANDING" 2.778993e-01 -1.774755e-02 -1.105970e-01  9.198571e-01 -1.174014e-01 -2.236312e-01 7.502065e-02  1.058615e-02 -5.292609e-03 -3.273977e-02 -6.522648e-02  8.168890e-02 -9.814811e-02 -4.167742e-02 -5.482263e-02 -9.572123e-01 -9.572123e-01 -9.786715e-01 -9.384303e-01 -9.763993e-01 -9.836272e-01 -9.628318e-01 -9.451706e-01 -9.832833e-01 -9.751766e-01 -9.696102e-01 -9.475104e-01 -9.527812e-01 -9.679396e-01 -9.579862e-01 -9.737982e-01 -9.445838e-01 -9.725988e-01
24 "STANDING" 2.803489e-01 -1.447853e-02 -1.082226e-01  9.664423e-01 -1.452013e-01 -5.305854e-02 7.461774e-02  1.098397e-02 -3.587749e-03 -2.786115e-02 -6.925467e-02  7.712461e-02 -9.919477e-02 -4.317386e-02 -5.171804e-02 -9.500610e-01 -9.500610e-01 -9.776210e-01 -9.545186e-01 -9.823873e-01 -9.841836e-01 -9.489702e-01 -9.538176e-01 -9.811616e-01 -9.677206e-01 -9.741705e-01 -9.585402e-01 -9.704265e-01 -9.701334e-01 -9.600661e-01 -9.722514e-01 -9.639223e-01 -9.811192e-01
25 "STANDING" 2.780137e-01 -1.635697e-02 -1.073530e-01  9.297947e-01 -1.593168e-01  2.011821e-01 7.523373e-02  6.632140e-03 -6.228088e-03 -2.479468e-02 -6.988769e-02  8.526854e-02 -1.004737e-01 -4.182946e-02 -5.569791e-02 -9.726636e-01 -9.726636e-01 -9.846471e-01 -9.670774e-01 -9.850920e-01 -9.900932e-01 -9.598462e-01 -9.740512e-01 -9.884047e-01 -9.725545e-01 -9.848323e-01 -9.680785e-01 -9.783999e-01 -9.704569e-01 -9.723554e-01 -9.822942e-01 -9.689725e-01 -9.840178e-01
26 "STANDING" 2.811270e-01 -1.666083e-02 -1.102378e-01  9.654609e-01 -1.403154e-01  8.841427e-02 7.535782e-02  8.173223e-03 -2.194978e-03 -2.453458e-02 -7.313858e-02  7.767068e-02 -1.003560e-01 -4.090120e-02 -5.325419e-02 -9.685117e-01 -9.685117e-01 -9.869852e-01 -9.686740e-01 -9.885448e-01 -9.919934e-01 -9.584023e-01 -9.732152e-01 -9.905870e-01 -9.762671e-01 -9.845639e-01 -9.693643e-01 -9.838859e-01 -9.744593e-01 -9.706053e-01 -9.828769e-01 -9.723331e-01 -9.857623e-01
27 "STANDING" 2.795669e-01 -1.659324e-02 -1.078358e-01  9.653515e-01 -1.885048e-01 -5.574169e-03 7.496998e-02  1.224333e-02 -1.379503e-03 -2.673165e-02 -6.750712e-02  7.168415e-02 -9.876051e-02 -4.174718e-02 -5.140392e-02 -9.727533e-01 -9.727533e-01 -9.853476e-01 -9.687030e-01 -9.895321e-01 -9.901218e-01 -9.613561e-01 -9.741462e-01 -9.877717e-01 -9.758687e-01 -9.851114e-01 -9.701496e-01 -9.837319e-01 -9.808625e-01 -9.731862e-01 -9.841516e-01 -9.755256e-01 -9.894185e-01
28 "STANDING" 2.777951e-01 -1.726351e-02 -1.065794e-01  9.485148e-01 -2.476562e-01 -3.858305e-02 7.531316e-02  9.073632e-03 -2.678101e-03 -2.532815e-02 -7.390016e-02  8.651731e-02 -1.022484e-01 -4.313647e-02 -5.258963e-02 -9.254717e-01 -9.254717e-01 -9.595520e-01 -8.942425e-01 -9.596810e-01 -9.725198e-01 -8.934304e-01 -9.345030e-01 -9.685137e-01 -9.351690e-01 -9.647512e-01 -8.804261e-01 -9.481608e-01 -9.266552e-01 -9.291465e-01 -9.527278e-01 -9.096524e-01 -9.587586e-01
29 "STANDING" 2.779651e-01 -1.726059e-02 -1.086591e-01  9.745087e-01 -5.848715e-02  3.161458e-02 7.530525e-02  1.151050e-02  3.328950e-04 -2.760756e-02 -7.210607e-02  8.275838e-02 -9.887015e-02 -4.051106e-02 -5.449263e-02 -9.847453e-01 -9.847453e-01 -9.907854e-01 -9.806573e-01 -9.921447e-01 -9.950240e-01 -9.733458e-01 -9.840960e-01 -9.937369e-01 -9.831950e-01 -9.885416e-01 -9.744854e-01 -9.915867e-01 -9.836547e-01 -9.845481e-01 -9.897939e-01 -9.808797e-01 -9.916721e-01
30 "STANDING" 2.771127e-01 -1.701639e-02 -1.087562e-01  9.685567e-01 -1.002968e-01  2.430444e-02 7.524145e-02  1.208604e-02  1.908415e-03 -2.761385e-02 -6.703344e-02  8.025148e-02 -9.971602e-02 -4.377597e-02 -5.203072e-02 -9.305736e-01 -9.305736e-01 -9.712252e-01 -9.138906e-01 -9.729953e-01 -9.720141e-01 -9.194751e-01 -9.380898e-01 -9.678576e-01 -9.574349e-01 -9.628926e-01 -9.157429e-01 -9.456288e-01 -9.377981e-01 -9.320475e-01 -9.533576e-01 -9.174494e-01 -9.592422e-01
 1 "WALKING" 2.773308e-01 -1.738382e-02 -1.111481e-01  9.352232e-01 -2.821650e-01 -6.810286e-02 7.404163e-02  2.827211e-02 -4.168406e-03 -4.183096e-02 -6.953005e-02  8.494482e-02 -8.999754e-02 -3.984287e-02 -4.613093e-02 -1.369712e-01 -1.369712e-01 -1.414288e-01 -1.609796e-01 -2.987037e-01 -2.027943e-01  8.971273e-02 -3.315601e-01 -1.705470e-01 -3.522552e-02 -4.689992e-01 -3.390322e-01 -1.030594e-01 -2.559409e-01 -1.286235e-01 -5.711940e-02 -1.992526e-01 -3.193086e-01
 2 "WALKING" 2.764266e-01 -1.859492e-02 -1.055004e-01  9.130173e-01 -3.466071e-01  8.472709e-02 6.180807e-02  1.824927e-02  7.895337e-03 -5.302582e-02 -4.823823e-02  8.283366e-02 -8.188334e-02 -5.382994e-02 -5.149392e-02 -2.904076e-01 -2.904076e-01 -2.814242e-01 -4.465491e-01 -5.479120e-01 -3.460482e-01 -2.190481e-02 -4.538064e-01 -3.046153e-01 -7.876408e-02 -5.549567e-01 -4.297135e-01 -5.547721e-01 -3.966599e-01 -3.242894e-01 -1.690644e-01 -5.307048e-01 -5.832493e-01
 3 "WALKING" 2.755675e-01 -1.717678e-02 -1.126749e-01  9.365067e-01 -2.619864e-01 -1.381079e-01 8.147459e-02  1.005915e-02 -5.622646e-03 -2.564052e-02 -7.791509e-02  8.134859e-02 -9.523982e-02 -3.878747e-02 -5.036161e-02 -2.546903e-01 -2.546903e-01 -2.800093e-01 -4.664118e-01 -5.661352e-01 -3.166140e-01 -8.130244e-02 -4.123741e-01 -3.046944e-01 -1.405086e-01 -5.141373e-01 -4.378458e-01 -5.615263e-01 -4.181262e-01 -2.900315e-01 -1.867645e-01 -5.697558e-01 -6.077516e-01
 4 "WALKING" 2.785820e-01 -1.483995e-02 -1.114031e-01  9.639997e-01 -8.585403e-02  1.277641e-01 7.835291e-02  2.956024e-03 -7.676793e-04 -3.179826e-02 -7.269053e-02  8.056772e-02 -1.153216e-01 -3.934745e-02 -5.511669e-02 -3.120506e-01 -3.120506e-01 -3.667009e-01 -4.977922e-01 -6.813040e-01 -4.267194e-01 -1.493996e-01 -6.310055e-01 -3.588834e-01 -2.795534e-01 -7.289916e-01 -3.733845e-01 -6.884601e-01 -6.013811e-01 -4.508046e-01 -3.185878e-01 -6.092856e-01 -7.243274e-01
 5 "WALKING" 2.778423e-01 -1.728503e-02 -1.077418e-01  9.726250e-01 -1.004403e-01  2.476236e-03 8.458888e-02 -1.631941e-02  8.321594e-05 -4.889199e-02 -6.901352e-02  8.154355e-02 -8.884084e-02 -4.495595e-02 -4.826796e-02 -1.583387e-01 -1.583387e-01 -2.883330e-01 -3.559331e-01 -4.445325e-01 -2.877826e-01  9.460378e-03 -4.902511e-01 -3.449548e-01 -1.810556e-01 -5.904966e-01 -3.726687e-01 -5.139517e-01 -2.131270e-01 -3.049925e-01 -2.694817e-01 -4.842628e-01 -5.480536e-01
 6 "WALKING" 2.836589e-01 -1.689542e-02 -1.103032e-01  9.580675e-01 -2.146949e-01  3.318888e-02 6.995859e-02 -1.648317e-02 -7.389312e-03 -2.550962e-02 -7.444625e-02  8.388088e-02 -8.788911e-02 -3.623090e-02 -5.395973e-02 -1.668407e-01 -1.668407e-01 -1.951170e-01 -2.812078e-01 -3.212905e-01 -1.879343e-01  1.407816e-01 -4.985202e-01 -1.509429e-01 -7.537423e-02 -5.414386e-01 -2.396507e-01 -3.413784e-01 -2.035755e-01 -2.013866e-01 -5.540142e-02 -3.296811e-01 -3.665005e-01
 7 "WALKING" 2.755930e-01 -1.865367e-02 -1.109122e-01  9.325665e-01 -1.590970e-01 -1.608469e-01 9.014626e-02  1.843227e-02 -2.103986e-02  2.288352e-03 -8.371137e-02  6.411046e-02 -1.236542e-01 -4.477660e-02 -4.957131e-02 -9.780904e-02 -9.780904e-02 -1.929489e-01 -3.059594e-01 -3.000228e-01 -3.430484e-01 -6.415642e-02  3.858323e-02 -3.837158e-01 -1.231929e-01 -1.064904e-01 -3.183951e-01 -1.519667e-01 -3.667336e-01 -1.512436e-01 -3.841873e-02 -1.929098e-01 -1.553399e-01
 8 "WALKING" 2.746863e-01 -1.866289e-02 -1.072521e-01  9.135863e-01 -2.171022e-01 -1.862678e-01 7.033935e-02 -6.039475e-03 -6.737989e-04  2.350882e-02 -9.579179e-02  5.096579e-02 -1.358864e-01 -3.148809e-02 -5.226840e-02  5.167863e-02  5.167863e-02 -6.683224e-02 -3.102438e-03 -3.391293e-01 -2.473890e-01  3.169824e-01 -2.386346e-01 -3.111987e-01  7.968329e-02 -3.615633e-01 -1.020631e-01 -2.597297e-01 -1.329022e-01 -9.521728e-02 -1.238344e-01 -3.012418e-01 -4.730262e-01
 9 "WALKING" 2.785028e-01 -1.808920e-02 -1.108205e-01  9.518671e-01 -3.143417e-02 -1.158561e-01 7.043573e-02  2.122559e-02  4.147627e-03 -8.083606e-02 -6.255987e-02  1.116298e-01 -8.092041e-02 -3.562834e-02 -6.334066e-02 -9.808405e-02 -9.808405e-02 -2.037336e-01 -2.945423e-01 -5.102540e-01 -2.947112e-01 -2.576776e-01 -2.508063e-01 -3.142654e-01 -3.677066e-01 -3.995412e-01 -3.836761e-01 -4.369059e-01 -2.402225e-01 -3.188010e-01 -3.168707e-01 -5.137975e-01 -6.025816e-01
10 "WALKING" 2.785741e-01 -1.702235e-02 -1.090575e-01  9.630921e-01 -8.382770e-02  5.492762e-02 8.579438e-02  4.082488e-03 -1.629532e-02  1.068950e-02 -8.195408e-02  9.866957e-02 -1.227096e-01 -5.192050e-02 -6.112629e-02 -1.274009e-01 -1.274009e-01 -1.326250e-01 -1.564587e-01 -4.403636e-01 -1.141900e-01  5.339119e-02 -4.121827e-01 -1.079411e-01  3.090520e-02 -4.640205e-01 -2.779138e-01 -3.452090e-01 -1.085300e-01 -9.302374e-02  2.051895e-02 -4.126169e-01 -5.150653e-01
11 "WALKING" 2.718219e-01 -1.664758e-02 -1.060963e-01  9.464685e-01 -2.120459e-01  1.340532e-01 8.297093e-02  1.276825e-02 -1.336483e-02 -4.269290e-02 -7.051050e-02  8.437445e-02 -9.182042e-02 -5.141725e-02 -3.426775e-02 -2.883235e-01 -2.883235e-01 -4.023332e-01 -4.218017e-01 -6.307327e-01 -3.965337e-01 -8.304784e-02 -6.164029e-01 -4.532653e-01 -2.418017e-01 -6.925939e-01 -5.147533e-01 -5.931074e-01 -3.982933e-01 -4.585141e-01 -3.951161e-01 -6.102226e-01 -7.519145e-01
12 "WALKING" 2.771287e-01 -1.556093e-02 -1.031611e-01  9.668735e-01 -1.559834e-01 -3.608429e-02 4.576440e-02  1.977669e-02  5.025870e-03 -1.045137e-01 -3.442911e-02  9.997391e-02 -6.223893e-02 -4.985260e-02 -4.673382e-02 -1.022046e-01 -1.022046e-01 -1.440649e-01 -3.559304e-01 -5.174938e-01 -5.435764e-02 -7.130246e-02 -4.223253e-01 -8.161980e-02 -1.413741e-01 -4.913862e-01 -4.019759e-01 -4.678863e-01 -3.172825e-01 -1.531160e-01 -2.991243e-02 -4.425038e-01 -5.611764e-01
13 "WALKING" 2.758831e-01 -1.856607e-02 -1.114315e-01  9.108557e-01 -2.836586e-01 -1.312997e-01 8.095902e-02  3.083645e-03  5.972490e-03 -1.742076e-02 -7.984725e-02  7.842056e-02 -9.665986e-02 -3.198493e-02 -6.366932e-02 -1.356439e-01 -1.356439e-01 -1.332050e-01 -2.186696e-01 -3.035082e-01 -3.350301e-01  9.551507e-02 -2.468515e-01 -2.904608e-01 -4.391951e-02 -3.422637e-01 -1.928565e-01 -2.562136e-01 -2.766080e-01 -2.346009e-01 -1.521115e-01 -2.674724e-01 -3.385271e-01
14 "WALKING" 2.719596e-01 -2.177854e-02 -1.067564e-01  8.029740e-01 -2.703148e-01 -4.224953e-01 7.208779e-02  2.411602e-02  1.997230e-02 -3.476551e-03 -8.296828e-02  5.132227e-02 -1.106561e-01 -4.389695e-02 -3.888259e-02 -1.444047e-01 -1.444047e-01 -3.772932e-01 -1.372087e-01 -5.198950e-01 -4.214982e-01 -1.746018e-01 -1.773664e-01 -4.723606e-01 -3.767666e-01 -4.158992e-01 -5.085959e-01 -2.158949e-01 -2.129258e-01 -3.735168e-01 -4.315915e-01 -3.113864e-01 -5.910369e-01
15 "WALKING" 2.738992e-01 -1.708097e-02 -1.076218e-01  9.515244e-01 -2.339183e-01  7.573567e-02 8.977707e-02  8.905886e-03  6.587062e-04 -5.548838e-02 -6.124279e-02  8.424849e-02 -7.766928e-02 -5.525366e-02 -5.109765e-02 -1.865147e-01 -1.865147e-01 -3.201293e-01 -2.437111e-01 -5.439795e-01 -3.174409e-01  1.113211e-01 -5.549421e-01 -3.908220e-01 -6.693781e-02 -6.489053e-01 -2.533994e-01 -5.354221e-01 -4.614641e-01 -2.751562e-01 -2.897540e-01 -4.891664e-01 -6.450752e-01
16 "WALKING" 2.760236e-01 -2.042869e-02 -1.088040e-01  9.259813e-01 -6.682465e-02 -2.173512e-01 7.702238e-02  9.684447e-03  3.608033e-03 -1.517219e-02 -6.959557e-02  8.186507e-02 -1.109173e-01 -4.338768e-02 -5.329867e-02 -2.587667e-01 -2.587667e-01 -3.631445e-01 -4.859319e-01 -6.715418e-01 -3.947904e-01 -3.215007e-01 -2.443630e-01 -4.414062e-01 -4.542708e-01 -4.223324e-01 -5.957465e-01 -6.197319e-01 -4.328853e-01 -4.104632e-01 -3.782785e-01 -6.692285e-01 -7.206823e-01
17 "WALKING" 2.723419e-01 -1.848754e-02 -1.097921e-01  9.281124e-01 -1.799274e-01 -1.902659e-01 7.731886e-02  1.300985e-02  2.437533e-02 -9.222655e-03 -8.397733e-02  7.571327e-02 -1.099592e-01 -3.792513e-02 -5.138072e-02 -1.511515e-01 -1.511515e-01 -3.010933e-01 -3.350098e-01 -5.171674e-01 -3.609917e-01 -6.502676e-02 -3.828328e-01 -4.234461e-01 -1.942327e-01 -5.234271e-01 -4.077167e-01 -4.901663e-01 -3.988092e-01 -4.293800e-01 -3.359389e-01 -5.186181e-01 -5.827119e-01
18 "WALKING" 2.738878e-01 -1.780236e-02 -1.042183e-01  9.238652e-01 -2.543171e-01 -6.093134e-02 7.675243e-02  2.827455e-02  1.068509e-02 -3.993997e-02 -6.137274e-02  9.447184e-02 -9.664353e-02 -4.337711e-02 -5.026316e-02 -2.879081e-01 -2.879081e-01 -3.792693e-01 -5.004711e-01 -6.364859e-01 -3.714752e-01 -2.436063e-01 -4.897711e-01 -4.147972e-01 -3.619085e-01 -6.011472e-01 -6.096734e-01 -5.708982e-01 -5.381523e-01 -4.243867e-01 -4.140378e-01 -6.203314e-01 -7.105963e-01
19 "WALKING" 2.739312e-01 -1.917736e-02 -1.227367e-01  9.352226e-01 -2.233381e-01 -8.984288e-02 8.222463e-02  1.441135e-02 -3.275287e-02 -2.749710e-02 -7.515693e-02  7.981070e-02 -8.323533e-02 -3.071284e-02 -6.030920e-02  6.481734e-02  6.481734e-02  1.094510e-01  1.000451e-01 -1.647000e-01 -2.998157e-02  1.692586e-01 -1.044234e-01  3.363810e-02  1.073187e-02 -1.293679e-01  2.281424e-01 -9.735498e-02 -1.050471e-02  3.222723e-02  7.301799e-02 -9.524605e-02 -2.624428e-01
20 "WALKING" 2.725893e-01 -2.119999e-02 -1.135395e-01  8.999652e-01 -3.444439e-01 -3.513021e-02 8.412343e-02 -2.106196e-02  6.344572e-03 -2.341042e-02 -7.410505e-02  8.513599e-02 -6.799924e-02 -5.141758e-02 -5.492737e-02  3.940228e-02  3.940228e-02 -4.293593e-02  6.862751e-02 -1.948933e-01 -1.474043e-01  4.034660e-01 -2.722139e-01 -1.387172e-01  1.579340e-01 -3.459945e-01 -9.362487e-02  3.101460e-02 -1.088925e-01 -3.533418e-03  5.452695e-02 -5.200656e-02 -1.803653e-01
21 "WALKING" 2.791835e-01 -1.816103e-02 -1.043193e-01  8.625248e-01 -3.709845e-01 -2.209480e-01 7.822518e-02  2.351976e-03 -1.018134e-02 -4.593234e-02 -5.902944e-02  9.837159e-02 -8.687677e-02 -5.156503e-02 -6.211921e-02 -1.234557e-01 -1.234557e-01 -1.481390e-01 -2.847756e-01 -4.269307e-01 -2.734962e-01  3.384658e-02 -3.003091e-01 -2.004420e-01 -1.125647e-01 -4.057002e-01 -2.466574e-01 -3.717441e-01 -2.832625e-01 -2.512664e-01 -1.440099e-01 -4.095161e-01 -4.995972e-01
22 "WALKING" 2.788646e-01 -1.672136e-02 -1.071125e-01  9.360964e-01 -2.596449e-01  2.337801e-02 6.277776e-02  3.567463e-02  4.436914e-03  7.771571e-04 -9.608807e-02  7.752666e-02 -1.329776e-01 -3.219107e-02 -5.698125e-02  7.224191e-02  7.224191e-02  2.291997e-02 -2.106080e-01 -4.619995e-01 -9.949286e-02  1.453675e-01 -2.552165e-01 -3.670471e-02  1.599956e-01 -2.819734e-01 -1.446487e-01 -5.011769e-01 -8.350118e-02 -2.415850e-02  6.597273e-02 -4.383787e-01 -5.539461e-01
23 "WALKING" 2.732119e-01 -1.836187e-02 -1.133830e-01  9.398097e-01 -1.617614e-01 -1.607634e-01 9.873191e-02  1.489559e-02 -1.908106e-03 -6.311569e-02 -6.401979e-02  1.077005e-01 -5.781282e-02 -5.167048e-02 -9.030025e-02 -9.887702e-02 -9.887702e-02 -6.708197e-02 -1.209683e-02  1.153054e-02 -2.754042e-01 -7.243673e-02  8.140811e-02 -2.904105e-01 -1.554887e-01 -5.720213e-02 -3.376192e-01  1.955695e-01 -1.949704e-01 -9.426063e-02 -1.807057e-02  1.850782e-01  1.466186e-01
24 "WALKING" 2.769808e-01 -2.254464e-02 -1.105960e-01  9.597011e-01 -1.151162e-01 -1.409100e-01 7.319390e-02  1.212546e-02 -1.164014e-02 -5.451269e-02 -6.584359e-02  9.720063e-02 -6.253117e-02 -5.028950e-02 -7.398355e-02 -2.999836e-01 -2.999836e-01 -3.997222e-01 -4.030642e-01 -5.078247e-01 -4.924198e-01 -2.031937e-01 -3.444930e-01 -5.096282e-01 -3.528293e-01 -4.699202e-01 -4.682951e-01 -4.798414e-01 -3.914479e-01 -4.346189e-01 -4.186410e-01 -5.345092e-01 -5.715944e-01
25 "WALKING" 2.789928e-01 -1.864776e-02 -1.087376e-01  9.374831e-01 -1.273159e-01  1.884163e-01 7.217207e-02  3.511152e-03 -3.350987e-03 -1.563054e-02 -8.207681e-02  8.678687e-02 -1.023773e-01 -3.989865e-02 -5.126962e-02 -4.052894e-01 -4.052894e-01 -5.382914e-01 -3.943624e-01 -6.784661e-01 -6.090389e-01 -2.518803e-01 -5.335632e-01 -6.255954e-01 -4.344552e-01 -6.592864e-01 -4.119097e-01 -6.787504e-01 -5.613230e-01 -5.660600e-01 -5.645913e-01 -5.627333e-01 -7.703009e-01
26 "WALKING" 2.792644e-01 -1.542596e-02 -1.089270e-01  9.606478e-01 -1.339222e-01  1.087387e-01 6.523037e-02  1.967121e-02 -6.183058e-03 -3.340859e-03 -8.415077e-02  8.510692e-02 -9.941146e-02 -4.565383e-02 -4.922405e-02 -2.233992e-01 -2.233992e-01 -2.907580e-01 -3.920920e-01 -5.123988e-01 -3.219595e-01 -1.467022e-01 -3.395396e-01 -3.642268e-01 -2.985320e-01 -3.986732e-01 -3.681129e-01 -5.618278e-01 -3.185168e-01 -3.798367e-01 -2.933583e-01 -5.519276e-01 -6.194610e-01
27 "WALKING" 2.768495e-01 -1.664788e-02 -1.128223e-01  9.447593e-01 -1.874970e-01 -1.262109e-01 6.843320e-02  1.612303e-03 -2.075233e-02 -8.558836e-02 -3.653482e-02  1.182678e-01 -7.861635e-02 -4.769744e-02 -6.502476e-02 -2.388539e-01 -2.388539e-01 -2.305005e-01 -3.966388e-01 -5.625872e-01 -3.087024e-01 -1.367835e-01 -3.123726e-01 -3.454827e-01 -1.947674e-01 -3.826171e-01 -4.980179e-01 -5.347242e-01 -3.181824e-01 -3.272294e-01 -2.599340e-01 -5.194517e-01 -6.232882e-01
28 "WALKING" 2.812282e-01 -1.567597e-02 -1.037147e-01  9.429303e-01 -2.293162e-01 -1.259129e-01 9.311222e-02  2.264866e-02 -7.629152e-03 -1.058962e-01 -1.728222e-02  1.160659e-01 -9.297467e-02 -5.153944e-02 -5.935525e-02 -1.806660e-01 -1.806660e-01 -2.992234e-01 -3.107759e-01 -5.462488e-01 -2.800622e-01 -1.279123e-01 -3.563376e-01 -3.626020e-01 -2.945483e-01 -4.987545e-01 -3.746811e-01 -5.046817e-01 -2.550290e-01 -3.521568e-01 -3.608115e-01 -5.146024e-01 -5.959651e-01
29 "WALKING" 2.719999e-01 -1.629156e-02 -1.066324e-01  9.623744e-01 -1.273181e-01  9.557921e-02 8.537433e-02  2.238705e-02  9.415473e-03 -7.956682e-03 -8.196015e-02  8.568522e-02 -1.068883e-01 -4.798981e-02 -3.923690e-02 -9.552134e-02 -9.552134e-02 -2.402317e-01 -2.805733e-01 -5.062421e-01 -1.358195e-01 -3.496423e-02 -2.797348e-01 -2.104699e-01 -8.802134e-02 -3.948778e-01 -4.314900e-01 -3.622323e-01 -3.972775e-01 -2.356833e-01 -1.089782e-01 -4.168179e-01 -6.285011e-01
30 "WALKING" 2.764068e-01 -1.758804e-02 -9.862471e-02  9.652176e-01 -1.576738e-01 -3.925564e-03 6.886900e-02  2.196565e-02 -7.395342e-03 -4.595054e-02 -6.491709e-02  8.395682e-02 -8.738399e-02 -6.170289e-02 -4.460072e-02 -1.951400e-01 -1.951400e-01 -3.521117e-01 -2.296408e-02 -4.720687e-01 -3.514029e-01 -1.938567e-01 -3.095589e-01 -3.895956e-01 -2.995253e-01 -4.670307e-01 -3.744403e-01 -1.759009e-01 -2.473503e-01 -3.423638e-01 -3.471801e-01 -3.583444e-01 -5.476218e-01
 1 "WALKING_DOWNSTAIRS" 2.891883e-01 -9.918505e-03 -1.075662e-01  9.318744e-01 -2.666103e-01 -6.211996e-02 5.415532e-02  2.965045e-02 -1.097197e-02 -3.507819e-02 -9.093713e-02  9.008501e-02 -7.395920e-02 -4.399028e-02 -2.704611e-02  2.718829e-02  2.718829e-02 -8.944748e-02 -7.574125e-02 -2.954638e-01  3.822918e-02  1.549908e-03 -2.255745e-01 -2.766387e-02 -1.286672e-01 -2.883347e-01 -3.524496e-01 -5.570225e-02 -3.186943e-02  9.658453e-02  2.621849e-02 -1.857203e-01 -2.819634e-01
 2 "WALKING_DOWNSTAIRS" 2.776153e-01 -2.266142e-02 -1.168129e-01  8.618313e-01 -3.257801e-01 -4.388902e-02 1.100406e-01 -3.279591e-03 -2.093517e-02 -1.159474e-01 -4.823292e-03  9.717381e-02 -5.810385e-02 -4.214703e-02 -7.102298e-02  8.995112e-02  8.995112e-02  5.655163e-03 -1.621886e-01 -4.108727e-01  1.128412e-01  2.783450e-01 -1.312908e-01  1.381207e-01  9.620916e-02 -2.714987e-01 -1.457760e-01 -3.619138e-01 -8.749447e-02  2.934248e-01  2.222474e-01 -3.208385e-01 -3.801753e-01
 3 "WALKING_DOWNSTAIRS" 2.924235e-01 -1.935541e-02 -1.161398e-01  9.390578e-01 -2.288292e-01 -1.023528e-01 7.256893e-02  1.097078e-02 -2.027280e-03 -1.315733e-01 -1.393580e-02  1.238267e-01 -7.787017e-02 -3.915679e-02 -4.161931e-02 -6.281261e-02 -6.281261e-02 -2.052392e-01 -2.152945e-01 -5.085676e-01 -4.217069e-02 -7.700483e-03 -4.044524e-01 -9.067071e-02 -1.359385e-01 -5.290595e-01 -1.290666e-01 -5.426942e-01 -3.028665e-01  2.894132e-02 -4.947798e-02 -3.323766e-01 -5.762772e-01
 4 "WALKING_DOWNSTAIRS" 2.799653e-01 -9.802009e-03 -1.067775e-01  9.477319e-01 -6.208528e-02  1.487148e-01 9.718627e-02  5.637802e-03 -7.291378e-03 -1.028388e-01 -7.040260e-02  5.926395e-02 -9.212827e-02 -3.484349e-02 -4.928364e-02 -4.916167e-02 -4.916167e-02 -2.288514e-01 -3.466063e-01 -5.928430e-01 -7.223923e-02 -1.296066e-01 -4.946835e-01 -1.616329e-01 -1.729416e-01 -5.839174e-01 -2.402989e-01 -7.175458e-01 -3.183065e-01 -1.907434e-02 -1.752953e-01 -4.292134e-01 -6.217525e-01
 5 "WALKING_DOWNSTAIRS" 2.935439e-01 -8.501075e-03 -1.003199e-01  9.566494e-01 -6.075783e-02  2.167779e-02 1.096506e-01  1.376182e-02  2.133977e-02 -6.829457e-02 -7.078060e-02  8.065600e-02 -1.101490e-01 -7.082966e-02 -3.996569e-02  2.111389e-01  2.111389e-01 -6.375286e-02 -2.180298e-01 -3.971956e-01  9.843201e-02  7.922807e-02 -3.747401e-01 -3.680122e-02 -5.680330e-02 -4.919799e-01 -2.953451e-01 -3.824831e-01 -3.417503e-02  1.557422e-01  9.183943e-03 -3.493384e-01 -4.536972e-01
 6 "WALKING_DOWNSTAIRS" 2.770453e-01 -1.953684e-02 -1.072094e-01  9.285315e-01 -2.140463e-01 -3.079817e-03 1.036813e-01  9.876858e-03 -9.324706e-03 -9.608374e-02 -3.417822e-02  8.700126e-02 -2.564522e-02 -7.680899e-02 -3.722287e-02  3.337547e-01  3.337547e-01  1.038451e-01  1.426778e-02 -8.293669e-02  3.283085e-01  3.397712e-01 -2.776026e-01  1.365550e-01  1.372025e-01 -2.830862e-01  6.337161e-02 -1.303275e-01  1.528452e-01  3.959580e-01  2.438343e-01 -1.437354e-02 -1.327054e-01
 7 "WALKING_DOWNSTAIRS" 2.803071e-01 -1.663324e-02 -9.693831e-02  9.306236e-01 -1.298717e-01 -1.549355e-01 9.689262e-02 -1.910611e-02 -1.603904e-02 -1.054096e-01 -4.971746e-02  1.168948e-01 -5.972735e-02 -3.819043e-02 -7.894693e-02  1.987953e-02  1.987953e-02 -1.703196e-01 -1.887408e-01 -3.992300e-01  4.434283e-02 -1.453023e-01 -1.392162e-01 -3.052267e-02 -3.162365e-01 -2.964949e-01 -3.393015e-01 -2.144431e-01 -2.996003e-01  2.189111e-01  6.738989e-02 -2.550451e-01 -2.890967e-01
 8 "WALKING_DOWNSTAIRS" 2.834841e-01 -2.110587e-02 -1.075981e-01  9.140235e-01 -1.876102e-01 -1.418179e-01 1.189381e-01 -3.801938e-02 -3.943562e-02 -1.211896e-01 -5.007602e-02  1.141439e-01 -3.492835e-02 -5.349697e-02 -8.679033e-02  1.765993e-01  1.765993e-01  2.626285e-01  9.934297e-02 -1.261891e-01  1.365902e-01  3.884128e-01  1.595898e-01  2.148414e-01  2.206397e-01  5.860969e-02 -1.307404e-01  1.160909e-01  2.774981e-02  3.016268e-01  3.315285e-01 -3.627297e-04 -1.251796e-01
 9 "WALKING_DOWNSTAIRS" 2.959234e-01 -2.039943e-02 -9.102788e-02  9.384178e-01 -3.523046e-02 -8.227617e-02 1.301930e-01 -2.068660e-02  2.625689e-03 -9.163830e-02 -7.125988e-02  1.168044e-01 -9.459120e-02 -5.976083e-02 -6.780806e-02  1.458864e-01  1.458864e-01 -1.623761e-01 -1.689214e-01 -4.690284e-01  1.031285e-01 -1.831205e-01 -1.037058e-01 -6.453543e-02 -3.136430e-01 -2.936778e-01 -3.250429e-01 -3.125122e-01 -2.506866e-01  2.222039e-01  7.168779e-03 -3.475402e-01 -4.631721e-01
10 "WALKING_DOWNSTAIRS" 2.904016e-01 -2.000508e-02 -1.108486e-01  9.398074e-01 -6.461608e-02  4.187154e-02 1.009594e-01  1.078249e-02  1.526172e-04 -1.248396e-01 -1.067425e-01  7.244337e-02 -6.437640e-02 -4.893781e-02 -7.204131e-02  2.508438e-01  2.508438e-01  5.070102e-02 -2.384680e-02 -4.018543e-01  2.156653e-01  9.046604e-03 -1.577284e-01  1.814191e-01 -1.195043e-01 -2.406790e-01 -2.143503e-01 -2.724957e-01  3.913668e-02  2.201157e-01  1.569780e-01 -3.123475e-01 -4.841965e-01
11 "WALKING_DOWNSTAIRS" 2.916056e-01 -1.780977e-02 -1.110701e-01  9.417464e-01 -2.003219e-01  1.323717e-01 8.971687e-02  2.522742e-02 -2.252089e-02 -1.250687e-01 -2.627753e-02  5.752446e-02 -2.209163e-02 -5.202730e-02 -3.730484e-02  1.262277e-01  1.262277e-01 -1.982061e-01 -1.978834e-01 -5.992948e-01  3.519372e-02  2.475081e-02 -3.776248e-01 -1.204630e-01 -1.774792e-01 -5.302255e-01 -3.187770e-01 -5.282545e-01 -2.734591e-01  9.028076e-02 -9.745500e-02 -4.561701e-01 -6.683405e-01
12 "WALKING_DOWNSTAIRS" 2.815211e-01 -1.808427e-02 -1.095559e-01  9.498620e-01 -1.787022e-01 -5.610506e-02 6.215003e-02 -1.192892e-02  4.852624e-03 -1.125316e-01 -4.273367e-02  8.954350e-02 -2.646690e-02 -6.091772e-02 -6.532400e-02  1.831394e-02  1.831394e-02 -1.070910e-01 -2.133515e-01 -4.428311e-01  2.350493e-02  1.505100e-01 -4.021212e-01 -7.014723e-03  6.394069e-03 -4.516143e-01 -1.788562e-01 -4.206315e-01 -2.127674e-01  1.480173e-01  7.699684e-02 -3.449384e-01 -4.582275e-01
13 "WALKING_DOWNSTAIRS" 2.949076e-01 -1.437238e-02 -1.019939e-01  9.418756e-01 -2.115551e-01 -9.508203e-02 1.017045e-01 -7.518682e-03 -2.529777e-02 -1.226722e-01 -2.372057e-02  1.112842e-01 -6.471998e-02 -6.694141e-02 -5.120205e-02 -2.946343e-02 -2.946343e-02 -1.279261e-01 -1.021145e-01 -3.235524e-01 -7.266027e-02 -3.645352e-02 -1.511787e-01 -1.148516e-01 -2.078123e-01 -2.761380e-01 -3.196771e-01 -1.338289e-01 -2.129067e-01  5.287919e-02 -2.821567e-02 -2.061217e-01 -2.663999e-01
14 "WALKING_DOWNSTAIRS" 2.934221e-01 -2.001414e-02 -9.283302e-02  8.162964e-01 -2.642547e-01 -3.925559e-01 4.286316e-02  2.913394e-02  1.049526e-02 -1.470797e-02 -9.452884e-02  3.533445e-02 -1.086204e-01 -7.405898e-02 -6.159788e-02  1.855377e-01  1.855377e-01  3.536014e-02  1.663400e-01 -2.751209e-01  2.125416e-02  3.714825e-01  2.807360e-01 -3.378205e-02  1.647751e-01 -2.487898e-02 -2.953155e-01  1.320823e-02  4.924144e-01  4.719052e-01  1.862235e-01 -7.875684e-02 -2.547471e-01
15 "WALKING_DOWNSTAIRS" 2.801989e-01 -5.630478e-03 -1.105261e-01  9.323022e-01 -1.674623e-01  7.888224e-02 7.114572e-02  1.511590e-02 -1.002129e-02 -1.366187e-01 -3.467557e-02  7.117582e-02 -4.825321e-02 -4.954155e-02 -3.392131e-02  3.204494e-01  3.204494e-01 -3.726661e-02 -1.216863e-01 -5.094666e-01  2.353098e-01  1.675181e-01 -2.598122e-01  6.196875e-02 -2.697694e-02 -3.453765e-01 -2.273596e-01 -4.023323e-01 -1.831948e-01  3.311502e-01  1.584133e-01 -3.738986e-01 -5.653961e-01
16 "WALKING_DOWNSTAIRS" 2.955868e-01 -1.838986e-02 -1.198737e-01  9.178184e-01 -5.848327e-02 -2.253825e-01 9.078571e-02 -1.481145e-02 -2.931226e-02 -2.253734e-02 -6.826479e-02  8.353801e-02 -1.039040e-01 -5.676866e-02 -6.121369e-02  1.910798e-01  1.910798e-01 -1.659088e-01 -3.098204e-01 -5.908966e-01  3.682635e-02 -1.345984e-01 -4.769426e-02 -1.554449e-01 -2.899579e-01 -2.419741e-01 -4.208440e-01 -4.795130e-01 -3.750006e-01  1.140321e-01 -7.456591e-02 -4.882539e-01 -5.896632e-01
17 "WALKING_DOWNSTAIRS" 2.939183e-01 -1.673594e-02 -8.924327e-02  9.288176e-01 -1.510771e-01 -1.609630e-01 1.182509e-01 -1.138262e-02 -9.398381e-03  6.777284e-02 -1.235172e-01  1.628787e-02 -1.077700e-01 -3.817024e-02 -5.825188e-02  1.489511e-01  1.489511e-01 -2.216317e-01 -2.326418e-01 -5.403258e-01 -2.262392e-02 -1.302725e-01 -3.180819e-01 -2.150920e-01 -3.512684e-01 -4.986685e-01 -3.164130e-01 -4.511269e-01 -4.033804e-01  5.806805e-02 -1.886804e-01 -4.094388e-01 -5.773489e-01
18 "WALKING_DOWNSTAIRS" 2.884395e-01 -1.686669e-02 -1.033908e-01  9.322775e-01 -2.258091e-01 -4.936367e-02 8.090440e-02 -7.570694e-04 -1.417699e-02 -5.765487e-02 -6.362143e-02  9.874717e-02 -8.365666e-02 -5.091203e-02 -5.705918e-02 -2.935320e-01 -2.935320e-01 -4.665160e-01 -3.810228e-01 -7.016631e-01 -3.500868e-01 -3.090496e-01 -5.058244e-01 -4.127283e-01 -4.659827e-01 -6.221359e-01 -4.892323e-01 -6.415276e-01 -4.470307e-01 -2.419735e-01 -3.833987e-01 -6.047354e-01 -7.442360e-01
19 "WALKING_DOWNSTAIRS" 2.626881e-01 -1.459423e-02 -1.336952e-01  8.819409e-01 -2.150180e-01 -1.261469e-01 7.309303e-02 -3.868721e-02 -9.552025e-03 -2.057754e-01  2.747076e-02  1.639625e-01 -3.374296e-02 -3.946126e-02 -5.455656e-02  6.446043e-01  6.446043e-01  4.344904e-01  4.180046e-01  8.758166e-02  5.370120e-01  4.944578e-01  1.106592e-01  4.743173e-01  2.767169e-01  5.959058e-02  4.749624e-01  1.470831e-01  2.106731e-01  5.866376e-01  5.384048e-01  2.039798e-01 -2.290453e-02
20 "WALKING_DOWNSTAIRS" 2.961444e-01 -9.641208e-03 -1.046029e-01  9.197266e-01 -2.774197e-01 -2.825916e-02 6.950311e-02  4.364496e-03 -2.534821e-03 -1.113677e-01  1.390234e-02  1.039005e-01 -4.525031e-02 -5.773715e-02 -6.153128e-02  2.218516e-01  2.218516e-01 -6.126998e-02  9.384194e-02 -2.681834e-01 -3.433100e-02  5.241877e-01 -1.880988e-01 -1.993604e-01  2.058290e-01 -3.562202e-01 -6.295726e-02 -1.380979e-01  2.570378e-01  1.518877e-01  1.379172e-02 -1.005661e-01 -3.116685e-01
21 "WALKING_DOWNSTAIRS" 3.014610e-01 -1.731954e-02 -9.816866e-02  8.726832e-01 -3.566733e-01 -1.878703e-01 9.014529e-02 -2.139985e-02 -1.255511e-02 -1.263880e-01  1.621453e-02  1.486100e-01 -7.264618e-02 -7.359522e-02 -7.884365e-02  2.457717e-01  2.457717e-01 -8.022418e-02 -1.848500e-01 -4.528287e-01  1.043235e-01  1.811380e-01 -7.697131e-02 -3.778947e-02 -1.073063e-01 -1.968383e-01 -3.667488e-01 -3.088799e-01 -2.382217e-01  2.398959e-01  1.124426e-01 -4.063923e-01 -4.908049e-01
22 "WALKING_DOWNSTAIRS" 2.844590e-01 -1.979994e-02 -1.074158e-01  9.218206e-01 -2.222152e-01  4.129880e-02 1.015846e-01  2.111261e-02  1.124990e-02 -7.796112e-02 -6.971545e-02  5.007088e-02 -9.017445e-02 -3.551714e-02 -4.814602e-02  3.309992e-01  3.309992e-01 -1.797846e-02 -1.613333e-01 -4.595797e-01  1.953484e-01  2.257666e-01 -3.227957e-01  3.833642e-02 -3.091553e-03 -4.195343e-01 -9.543493e-02 -5.250068e-01 -1.949157e-01  1.555269e-01  2.247835e-02 -3.384173e-01 -5.835105e-01
23 "WALKING_DOWNSTAIRS" 2.898974e-01 -1.621115e-02 -9.881237e-02  9.237114e-01 -1.100288e-01 -1.536715e-01 5.780106e-02  3.750052e-02 -9.827171e-04 -5.782302e-02 -8.530775e-02  9.536025e-02 -1.177258e-01 -3.528916e-02 -2.932550e-02  1.272111e-01  1.272111e-01  1.129825e-01  3.909155e-02 -4.631178e-02  2.054282e-01  9.594329e-02  2.805189e-01  2.015429e-01 -7.245046e-02  1.577757e-01 -2.147307e-01  3.288170e-01 -1.412669e-01  3.648300e-01  3.350097e-01  1.508257e-01  7.467546e-02
24 "WALKING_DOWNSTAIRS" 2.886312e-01 -1.457303e-02 -1.048188e-01  9.508834e-01 -1.283267e-01 -1.401232e-01 8.026198e-02 -4.473163e-03 -8.469159e-03 -8.670690e-02 -5.423002e-02  1.119737e-01 -9.141450e-02 -2.917663e-02 -4.120554e-02 -7.376992e-02 -7.376992e-02 -2.631069e-01 -3.049658e-01 -4.971522e-01 -2.223243e-01 -8.618298e-02 -1.738251e-01 -3.761758e-01 -2.258244e-01 -2.500002e-01 -2.724692e-01 -4.334754e-01 -3.962866e-01 -2.317016e-02 -2.008301e-01 -3.742987e-01 -4.744499e-01
25 "WALKING_DOWNSTAIRS" 2.913297e-01 -2.101705e-02 -1.071924e-01  9.296275e-01 -7.242702e-02  2.187960e-01 1.106569e-01 -1.954166e-02 -1.133488e-02  2.991129e-03 -1.011151e-01  9.807502e-02 -1.279524e-01 -4.152033e-02 -6.420781e-02 -2.201086e-01 -2.201086e-01 -5.004833e-01 -2.160826e-01 -6.647136e-01 -3.722452e-01 -1.963811e-01 -5.560971e-01 -5.257895e-01 -4.156996e-01 -6.868440e-01 -2.177997e-01 -6.329164e-01 -4.103114e-01 -2.881548e-01 -4.716421e-01 -4.857636e-01 -6.870343e-01
26 "WALKING_DOWNSTAIRS" 2.792846e-01 -1.262581e-02 -1.064396e-01  9.467973e-01 -7.990037e-02  1.539063e-01 1.114708e-01 -7.131602e-03 -1.189114e-02 -1.075221e-02 -1.003822e-01  8.222140e-02 -9.924653e-02 -3.726811e-02 -5.105874e-02  1.143794e-01  1.143794e-01 -1.488563e-01 -2.353146e-01 -4.187798e-01  2.280010e-02 -6.237000e-03 -2.796401e-01 -2.013681e-01 -1.655524e-01 -3.601146e-01 -1.259182e-01 -4.431262e-01 -2.213888e-01  7.510168e-02 -1.531720e-01 -3.345099e-01 -4.722008e-01
27 "WALKING_DOWNSTAIRS" 2.975442e-01 -1.355645e-02 -1.128377e-01  9.313802e-01 -1.669388e-01 -1.400476e-01 9.362732e-02  1.598695e-02 -9.850348e-03 -1.598266e-01 -1.631316e-02  1.526950e-01 -5.158148e-02 -6.420236e-02 -6.210437e-02  1.080714e-01  1.080714e-01 -1.154212e-01 -1.647832e-01 -4.405466e-01  8.298315e-02 -6.267296e-02 -2.416004e-01 -4.378263e-02 -1.709753e-01 -3.436264e-01 -2.966286e-01 -4.021328e-01 -1.449049e-01  1.498165e-01  1.085756e-02 -3.591137e-01 -4.677778e-01
28 "WALKING_DOWNSTAIRS" 2.936421e-01 -2.202305e-02 -1.085890e-01  9.292917e-01 -2.358971e-01 -1.214773e-01 9.726535e-02  1.434509e-02  1.239501e-03 -1.410963e-01  7.105643e-03  1.386224e-01 -2.664930e-02 -5.704109e-02 -7.761739e-02  1.043592e-01  1.043592e-01 -7.075603e-02 -6.824632e-02 -3.404173e-01  8.907218e-02  1.864417e-01 -3.081616e-01 -2.686770e-02 -1.270397e-02 -3.652874e-01 -2.999700e-02 -2.171002e-01 -1.843923e-01  1.888400e-01 -1.288238e-02 -2.233548e-01 -3.967207e-01
29 "WALKING_DOWNSTAIRS" 2.931404e-01 -1.494122e-02 -9.813400e-02  9.484862e-01 -7.609630e-02  9.196505e-02 6.368720e-02  6.210170e-04 -1.406430e-02 -3.741261e-02 -8.510459e-02  8.222441e-02 -7.439865e-02 -6.714823e-02 -3.596484e-02  1.037052e-01  1.037052e-01 -1.386376e-01 -1.229681e-01 -5.391745e-01  1.106632e-01 -2.122937e-02 -2.666922e-01 -3.824582e-02 -9.778507e-02 -4.111735e-01 -1.894180e-01 -4.631250e-01 -1.992259e-01  1.159740e-01  4.488963e-04 -3.814599e-01 -5.965786e-01
30 "WALKING_DOWNSTAIRS" 2.831906e-01 -1.743839e-02 -9.997814e-02  9.580005e-01 -1.267104e-01  2.880817e-02 8.839330e-02 -7.561108e-03 -1.183014e-02 -7.455913e-02 -6.931124e-02  8.957678e-02 -6.159546e-02 -4.968076e-02 -5.435952e-02 -3.739011e-02 -3.739011e-02 -2.937388e-01 -9.553732e-02 -5.743370e-01 -1.069670e-01 -2.166371e-02 -2.580674e-01 -2.349231e-01 -2.249928e-01 -3.996887e-01 -2.630616e-01 -3.480651e-01 -2.637208e-01  4.101510e-03 -1.259614e-01 -3.567723e-01 -6.175788e-01
 1 "WALKING_UPSTAIRS" 2.554617e-01 -2.395315e-02 -9.730200e-02  8.933511e-01 -3.621534e-01 -7.540294e-02 1.013727e-01  1.948631e-02 -4.556254e-02  5.054938e-02 -1.661700e-01  5.835955e-02 -1.222328e-01 -4.214859e-02 -4.071255e-02 -1.299276e-01 -1.299276e-01 -4.665034e-01 -1.267356e-01 -5.948829e-01 -4.043218e-01 -1.909767e-01 -4.333497e-01 -4.798752e-01 -4.134446e-01 -6.854744e-01 -4.926117e-01 -3.194746e-01 -4.535972e-01 -3.523959e-01 -4.426522e-01 -3.259615e-01 -6.346651e-01
 2 "WALKING_UPSTAIRS" 2.471648e-01 -2.141211e-02 -1.525139e-01  7.907174e-01 -4.162149e-01 -1.958882e-01 7.445078e-02 -9.709855e-03  1.948144e-02 -5.769126e-02 -3.208831e-02  6.883740e-02 -8.288580e-02 -4.240537e-02 -4.451575e-02 -1.073227e-01 -1.073227e-01 -3.212689e-01 -2.197135e-01 -5.728164e-01 -2.667209e-01  9.924459e-03 -2.810020e-01 -2.586394e-01 -1.878421e-01 -5.227281e-01 -3.316436e-01 -4.880861e-01 -2.486011e-01 -1.453185e-01 -1.895111e-01 -4.506122e-01 -6.007985e-01
 3 "WALKING_UPSTAIRS" 2.608199e-01 -3.241094e-02 -1.100649e-01  8.835334e-01 -3.828512e-01 -1.629440e-01 4.268810e-02  3.972493e-02  2.082055e-02  7.219803e-02 -1.392754e-01  2.156037e-02 -1.155106e-01 -4.003725e-02 -4.981809e-02 -1.840149e-01 -1.840149e-01 -4.369012e-01 -3.473218e-01 -6.588614e-01 -3.920042e-01 -7.880942e-02 -5.044945e-01 -4.784343e-01 -2.837725e-01 -6.773145e-01 -3.782167e-01 -6.372935e-01 -4.315034e-01 -3.158661e-01 -4.129209e-01 -5.142116e-01 -7.168778e-01
 4 "WALKING_UPSTAIRS" 2.708767e-01 -3.198043e-02 -1.142195e-01  9.462643e-01 -2.329443e-01  8.416754e-02 5.609719e-02  2.340190e-02  3.402808e-03  3.938252e-02 -8.594717e-02  8.437538e-02 -1.314721e-01 -3.905088e-02 -7.224963e-02 -1.537039e-01 -1.537039e-01 -4.009223e-01 -2.997794e-01 -6.869784e-01 -2.944883e-01 -1.171092e-01 -5.246557e-01 -4.183046e-01 -2.978052e-01 -6.901069e-01 -3.710690e-01 -6.843102e-01 -3.507657e-01 -2.768255e-01 -3.974063e-01 -5.757941e-01 -7.407492e-01
 5 "WALKING_UPSTAIRS" 2.684595e-01 -3.252698e-02 -1.074715e-01  9.368218e-01 -2.659426e-01 -2.320354e-02 7.954435e-02  1.401304e-02 -2.559095e-02  3.951911e-02 -1.171956e-01  4.244428e-02 -1.430297e-01 -5.598958e-02 -5.348954e-02  4.355620e-02  4.355620e-02 -2.474035e-01 -2.355169e-01 -4.734882e-01 -1.614853e-01  7.289032e-02 -4.574707e-01 -2.897255e-01 -1.968179e-01 -6.067175e-01 -2.636151e-01 -5.166090e-01 -1.398014e-01 -1.692615e-01 -2.646749e-01 -3.925645e-01 -5.713441e-01
 6 "WALKING_UPSTAIRS" 2.682294e-01 -2.724254e-02 -1.220824e-01  9.136322e-01 -3.407326e-01 -1.846090e-02 7.210675e-02  3.713434e-03 -2.378166e-03 -7.674068e-02 -5.189820e-02  6.642340e-02 -6.520245e-02 -4.577054e-02 -5.768000e-02  1.777910e-02  1.777910e-02 -2.073798e-01 -1.291212e-01 -3.428954e-01 -1.310754e-01  9.780351e-02 -4.272481e-01 -2.448128e-01 -1.229916e-01 -5.493146e-01 -1.150650e-01 -3.296538e-01 -4.641421e-02 -8.194794e-02 -1.698682e-01 -2.306270e-01 -4.592363e-01
 7 "WALKING_UPSTAIRS" 2.487069e-01 -2.756390e-02 -1.437697e-01  8.187466e-01 -2.409509e-01 -4.035997e-01 7.246499e-02 -8.123871e-04 -7.451967e-05 -1.387781e-01 -2.471620e-03  1.392171e-01 -8.566409e-02 -4.822191e-02 -7.245175e-02 -1.980744e-01 -1.980744e-01 -4.586952e-01 -2.390992e-01 -6.619698e-01 -3.361994e-01 -3.815905e-01 -3.174610e-01 -4.546479e-01 -5.370757e-01 -5.817645e-01 -3.838893e-01 -5.679203e-01 -4.081503e-01 -3.786188e-01 -4.547832e-01 -5.339829e-01 -6.733273e-01
 8 "WALKING_UPSTAIRS" 2.588802e-01 -2.824151e-02 -1.151221e-01  8.603687e-01 -2.913415e-01 -1.923070e-01 8.138168e-02  1.412059e-02 -6.745839e-02  1.927045e-01 -2.042054e-01 -7.245460e-02 -1.554457e-01 -2.791958e-02 -5.340904e-02  1.210266e-01  1.210266e-01 -1.414946e-01  1.664480e-01 -4.006640e-01 -1.664111e-01  2.634314e-01 -7.294969e-02 -2.002772e-01 -2.579526e-02 -3.866558e-01 -2.402608e-01 -1.131621e-01  1.659742e-01 -1.302645e-01 -1.318506e-01 -2.296110e-01 -4.632706e-01
 9 "WALKING_UPSTAIRS" 2.624365e-01 -1.951011e-02 -1.252190e-01  9.026478e-01 -3.779478e-02 -2.660099e-01 6.922662e-02  1.266122e-03  7.660466e-03 -1.639672e-01 -4.125879e-02  1.456946e-01 -6.846896e-02 -3.027975e-02 -2.363279e-02 -2.607276e-01 -2.607276e-01 -4.406675e-01 -8.332345e-02 -6.728406e-01 -3.427360e-01 -4.050228e-01 -3.847104e-01 -4.020448e-01 -6.084986e-01 -6.151257e-01 -3.139416e-01 -4.991592e-01 -3.276987e-01 -3.728903e-01 -4.195331e-01 -5.314827e-01 -7.341594e-01
10 "WALKING_UPSTAIRS" 2.671219e-01 -1.438549e-02 -1.181804e-01  9.318610e-01 -5.656703e-02  2.275277e-02 6.488293e-02  2.663143e-02 -5.133758e-02  7.334472e-02 -9.546002e-02  8.796642e-02 -1.572125e-01 -3.723485e-02 -3.650217e-02 -2.666233e-02 -2.666233e-02 -2.620380e-01  4.385738e-02 -5.234630e-01 -1.394108e-01 -3.906882e-02 -3.012064e-01 -2.012143e-01 -2.068728e-01 -5.532307e-01 -2.185247e-01 -2.358590e-01 -2.627634e-01 -1.668667e-01 -1.535531e-01 -2.653717e-01 -6.005830e-01
11 "WALKING_UPSTAIRS" 2.637759e-01 -3.031578e-02 -1.067972e-01  8.926262e-01 -3.435769e-01  1.466337e-01 9.685617e-02 -1.326253e-02 -1.514639e-02 -8.209097e-02 -5.669288e-02  6.380544e-02 -6.452454e-02 -7.198347e-02 -4.607615e-02 -1.325946e-01 -1.325946e-01 -5.095877e-01 -2.550483e-01 -7.573148e-01 -3.553489e-01 -2.546452e-01 -5.517421e-01 -4.959274e-01 -4.553179e-01 -7.653879e-01 -4.717828e-01 -5.811672e-01 -6.746719e-01 -3.360610e-01 -4.759285e-01 -5.500997e-01 -7.959861e-01
12 "WALKING_UPSTAIRS" 2.729703e-01 -2.635749e-02 -1.073397e-01  9.383715e-01 -2.591442e-01 -7.025038e-02 7.286608e-02 -6.894949e-03  9.066628e-03 -9.312341e-02 -4.113145e-02  8.980228e-02 -4.556389e-02 -3.354066e-02 -6.531673e-02 -2.291839e-01 -2.291839e-01 -4.324693e-01 -3.165616e-01 -6.749721e-01 -3.214479e-01 -1.683415e-01 -5.608412e-01 -3.858438e-01 -3.330776e-01 -6.879299e-01 -4.263603e-01 -6.047113e-01 -4.060809e-01 -2.900054e-01 -3.208845e-01 -5.940325e-01 -7.143326e-01
13 "WALKING_UPSTAIRS" 2.582039e-01 -2.773923e-02 -1.257673e-01  8.476343e-01 -3.574045e-01 -2.075072e-01 6.924421e-02 -1.280098e-03 -2.541263e-02 -1.382938e-01  3.819669e-03  1.166796e-01 -6.648172e-02 -4.530520e-02 -6.616539e-02 -1.011535e-01 -1.011535e-01 -4.561905e-01 -2.371830e-01 -6.319649e-01 -3.824607e-01 -6.365648e-02 -4.047852e-01 -5.062121e-01 -3.689962e-01 -6.314964e-01 -4.821130e-01 -4.921761e-01 -2.553389e-01 -3.675228e-01 -4.251000e-01 -4.854773e-01 -6.560885e-01
14 "WALKING_UPSTAIRS" 2.624211e-01 -2.043882e-02 -1.122797e-01  6.882561e-01 -3.226804e-01 -4.950887e-01 8.033030e-02 -1.831312e-02  3.441995e-03  8.138417e-02 -1.234996e-01 -4.413819e-02 -1.282667e-01 -2.077497e-02 -1.372376e-02  1.401082e-01  1.401082e-01 -2.836638e-01  3.657794e-01 -3.999219e-01 -3.235084e-01  1.639392e-02  1.916937e-01 -3.834971e-01 -3.476066e-01 -2.640085e-01 -4.410484e-01  1.186877e-01  1.967032e-01 -7.598518e-02 -2.887443e-01  4.885887e-02 -4.572506e-01
15 "WALKING_UPSTAIRS" 2.701876e-01 -2.875239e-02 -1.169525e-01  9.185448e-01 -3.149610e-01  8.118034e-02 7.297243e-02 -4.173618e-03 -5.258799e-03  9.033400e-02 -1.547213e-01  9.116815e-02 -1.444860e-01 -3.654192e-02 -7.672425e-02 -9.713947e-04 -9.713947e-04 -3.160504e-01 -2.012173e-01 -6.636371e-01 -7.463284e-02 -1.019354e-01 -5.395911e-01 -2.370531e-01 -3.381022e-01 -7.145542e-01 -3.610969e-01 -5.170252e-01 -4.857017e-01 -1.652421e-01 -2.619567e-01 -4.536936e-01 -7.314224e-01
16 "WALKING_UPSTAIRS" 2.559861e-01 -1.436549e-02 -1.240745e-01  8.268743e-01 -8.059260e-02 -3.790597e-01 7.625267e-02  1.737293e-02  3.805336e-02  7.184089e-02 -4.861368e-02 -7.792880e-03 -1.409083e-01 -2.962113e-02 -3.541630e-02 -2.339903e-01 -2.339903e-01 -4.832190e-01 -3.082606e-01 -7.377052e-01 -4.749840e-01 -2.680638e-01 -3.358530e-01 -5.460889e-01 -4.686052e-01 -5.652208e-01 -5.323997e-01 -6.420181e-01 -4.924275e-01 -3.706497e-01 -4.755977e-01 -6.305467e-01 -7.878336e-01
17 "WALKING_UPSTAIRS" 2.526048e-01 -2.286456e-02 -1.212904e-01  8.535306e-01 -2.841538e-01 -2.981715e-01 7.680442e-02  3.083565e-02  7.595338e-03 -3.042506e-02 -5.484559e-02  5.609314e-02 -1.426554e-01 -4.144963e-02 -2.234821e-02 -1.280623e-02 -1.280623e-02 -3.572339e-01 -2.351912e-01 -6.373675e-01 -1.397522e-01 -1.175197e-01 -3.999235e-01 -3.602722e-01 -3.770519e-01 -6.330177e-01 -4.162230e-01 -5.214354e-01 -3.242737e-01 -1.503056e-01 -3.602999e-01 -5.040670e-01 -6.690088e-01
18 "WALKING_UPSTAIRS" 2.654012e-01 -2.220607e-02 -1.126559e-01  8.833303e-01 -3.166199e-01 -1.061125e-01 8.124020e-02  2.116547e-02  9.358966e-03 -4.706839e-02 -5.261338e-02  9.067365e-02 -8.999530e-02 -5.274726e-02 -6.925362e-02 -2.791463e-01 -2.791463e-01 -6.014639e-01 -3.691086e-01 -7.816527e-01 -4.650973e-01 -3.634507e-01 -5.227284e-01 -5.894106e-01 -5.796503e-01 -7.361493e-01 -5.923237e-01 -6.498173e-01 -5.043641e-01 -4.365611e-01 -5.744814e-01 -6.540291e-01 -8.261932e-01
19 "WALKING_UPSTAIRS" 2.421188e-01 -3.039866e-02 -1.510546e-01  8.294284e-01 -3.871007e-01 -2.210088e-01 8.315451e-02  5.681859e-02  3.166820e-02  3.885371e-02 -1.345143e-01 -2.332482e-04 -1.018063e-01 -3.462885e-02 -5.335459e-02  1.738119e-02  1.738119e-02 -1.141896e-01 -6.161577e-02 -3.727905e-01 -1.568795e-01  1.118182e-01 -2.196445e-01 -2.053226e-01 -7.392837e-02 -3.806571e-01 -1.944855e-01 -2.254218e-01 -6.612935e-02 -7.962876e-02 -1.873913e-01 -2.888403e-01 -4.771839e-01
20 "WALKING_UPSTAIRS" 2.520983e-01 -2.822580e-02 -1.210239e-01  7.770957e-01 -4.798948e-01 -1.301176e-01 8.364513e-02  6.599826e-03 -2.454210e-02  6.591933e-02 -1.746510e-01  5.870194e-02 -1.483892e-01 -1.898163e-02 -5.189855e-02  8.725025e-03  8.725025e-03 -2.556112e-01  2.233025e-02 -3.719284e-01 -1.404391e-01 -2.938324e-02 -3.184315e-01 -2.561623e-01 -3.121611e-01 -4.927559e-01 -3.726844e-01 -1.623414e-01  1.150766e-01 -2.050093e-01 -2.150140e-01 -2.866277e-01 -4.503934e-01
21 "WALKING_UPSTAIRS" 2.651945e-01 -2.372187e-02 -1.254143e-01  7.811772e-01 -4.323096e-01 -3.097350e-01 1.040342e-01 -1.562901e-02 -3.601155e-02  6.260869e-02 -1.556224e-01 -5.468298e-03 -1.443515e-01 -1.320228e-02 -6.940664e-03 -8.104532e-02 -8.104532e-02 -3.550477e-01 -1.689827e-01 -5.779356e-01 -3.191693e-01  2.215987e-02 -3.217130e-01 -4.368396e-01 -2.050673e-01 -5.198152e-01 -4.469740e-01 -4.466916e-01 -1.557624e-01 -2.578944e-01 -3.554437e-01 -4.753699e-01 -6.289157e-01
22 "WALKING_UPSTAIRS" 2.483915e-01 -2.686226e-02 -1.175509e-01  8.894544e-01 -3.368269e-01 -9.579790e-02 8.771722e-02  3.670830e-02 -3.361697e-02  1.349788e-01 -1.814584e-01  1.573592e-02 -1.484501e-01 -3.813126e-02 -6.745705e-02  2.102826e-01  2.102826e-01 -9.578403e-02 -1.280319e-01 -5.681119e-01 -5.539965e-02  1.306865e-01 -2.280200e-01 -3.824498e-02 -7.518293e-02 -4.144489e-01 -1.954570e-01 -5.239438e-01 -1.993131e-01 -8.669051e-02 -4.580204e-02 -3.699020e-01 -6.679960e-01
23 "WALKING_UPSTAIRS" 2.499952e-01 -3.238440e-02 -1.268906e-01  8.434388e-01 -2.144818e-01 -3.559345e-01 7.236500e-02  3.998629e-02  1.592342e-02  9.579402e-02 -1.115644e-01 -3.255575e-02 -1.099131e-01 -5.239438e-02 -9.249985e-02 -1.175369e-02 -1.175369e-02 -3.111439e-01 -1.565271e-01 -5.043672e-01 -2.726057e-01 -7.697739e-02 -7.057749e-02 -3.656425e-01 -3.262363e-01 -3.466052e-01 -4.302392e-01 -2.904474e-01 -1.630013e-01 -2.313827e-01 -3.029681e-01 -3.803883e-01 -5.187156e-01
24 "WALKING_UPSTAIRS" 2.698811e-01 -2.519794e-02 -1.142486e-01  9.063695e-01 -2.374984e-01 -2.271349e-01 8.623101e-02 -1.508160e-02 -1.323537e-02  8.831638e-02 -1.059329e-01  2.482907e-02 -1.468008e-01 -3.173506e-02 -4.984272e-02 -2.264028e-01 -2.264028e-01 -4.884876e-01 -3.344358e-01 -6.587516e-01 -3.957906e-01 -2.524125e-01 -3.127922e-01 -5.156446e-01 -5.276042e-01 -4.833910e-01 -5.031887e-01 -5.466210e-01 -3.721829e-01 -3.223010e-01 -4.298008e-01 -5.646650e-01 -6.461147e-01
25 "WALKING_UPSTAIRS" 2.779954e-01 -2.698635e-02 -1.262104e-01  9.276932e-01 -2.176413e-01  1.082310e-01 7.400414e-02  9.255140e-03 -1.169068e-02  5.561219e-02 -1.094377e-01  9.962274e-02 -1.264812e-01 -2.814530e-02 -5.404522e-02 -3.057722e-01 -3.057722e-01 -6.791608e-01 -3.186347e-01 -7.771060e-01 -5.216498e-01 -3.801508e-01 -5.429318e-01 -6.682082e-01 -6.408494e-01 -7.932670e-01 -4.761450e-01 -6.185799e-01 -5.751697e-01 -5.279076e-01 -6.547951e-01 -5.671535e-01 -8.224039e-01
26 "WALKING_UPSTAIRS" 2.726914e-01 -2.816338e-02 -1.219435e-01  9.420953e-01 -2.461697e-01 -1.993106e-03 7.556453e-02  2.091717e-03 -1.170893e-02 -2.479508e-02 -6.576018e-02  7.214590e-02 -9.755902e-02 -3.862441e-02 -5.955584e-02 -1.428745e-01 -1.428745e-01 -4.044639e-01 -3.444270e-01 -6.480999e-01 -2.428208e-01 -1.855283e-01 -4.995028e-01 -3.045406e-01 -4.193447e-01 -6.397413e-01 -4.276866e-01 -6.171125e-01 -3.427039e-01 -1.675664e-01 -2.949705e-01 -5.560848e-01 -6.735807e-01
27 "WALKING_UPSTAIRS" 2.657703e-01 -2.009533e-02 -1.235304e-01  8.680003e-01 -2.292787e-01 -2.946426e-01 7.347635e-02 -1.402294e-02  6.746791e-03 -9.403449e-02  2.124994e-03  1.401299e-01 -9.375187e-02 -5.092352e-02 -6.290137e-02 -1.605894e-01 -1.605894e-01 -4.790674e-01 -2.861457e-01 -6.998951e-01 -4.176074e-01 -2.496885e-01 -4.188864e-01 -5.031139e-01 -4.424656e-01 -6.085442e-01 -5.443692e-01 -5.940926e-01 -4.005285e-01 -3.939289e-01 -4.607703e-01 -6.076677e-01 -7.191798e-01
28 "WALKING_UPSTAIRS" 2.620058e-01 -2.794439e-02 -1.215140e-01  8.545082e-01 -3.332240e-01 -2.652079e-01 7.068319e-02  2.229854e-02  7.490817e-03 -1.293630e-01  2.122510e-02  1.037210e-01 -8.056806e-02 -4.925521e-02 -7.526104e-02 -1.862405e-01 -1.862405e-01 -3.880862e-01 -2.634153e-01 -6.202798e-01 -2.661013e-01 -1.905891e-01 -4.017329e-01 -3.188667e-01 -3.580094e-01 -5.878136e-01 -4.036363e-01 -5.220665e-01 -3.182110e-01 -2.135194e-01 -2.944334e-01 -5.348354e-01 -6.625058e-01
29 "WALKING_UPSTAIRS" 2.654231e-01 -2.994653e-02 -1.180006e-01  9.292590e-01 -2.271201e-01  4.437860e-02 1.063452e-01 -6.890192e-04 -2.907139e-02  9.319895e-02 -1.523281e-01  8.543181e-02 -1.304291e-01 -5.110351e-02 -6.809388e-02  8.343603e-03  8.343603e-03 -3.443248e-01  4.396277e-02 -6.173408e-01 -1.097935e-01 -1.960115e-01 -3.204879e-01 -2.250678e-01 -4.088866e-01 -6.461986e-01 -2.605193e-01 -3.940453e-01 -3.417001e-01 -1.083064e-01 -2.391080e-01 -3.572139e-01 -6.974546e-01
30 "WALKING_UPSTAIRS" 2.714156e-01 -2.533117e-02 -1.246975e-01  9.318298e-01 -2.266473e-01 -2.214011e-02 5.798404e-02 -3.587192e-03  1.615062e-02 -3.559746e-03 -7.796065e-02  8.146993e-02 -1.084143e-01 -1.411134e-02 -3.641578e-02 -1.376279e-01 -1.376279e-01 -5.966001e-01 -1.136084e-01 -7.187803e-01 -4.204028e-01 -2.978138e-01 -3.675198e-01 -5.506784e-01 -5.929194e-01 -7.378039e-01 -4.880390e-01 -3.660584e-01 -3.189370e-01 -4.005884e-01 -5.497849e-01 -4.491507e-01 -7.739745e-01
